
Sample #1
Input size: 100
Sample input: 690 665 150 688 930 277 332 346 650 441 18 629 387 878 257 645 683 790 774 998 887 984 870 349 311 282 886 937 317 920 67 359 937 218 399 867 495 731 214 497 172 584 126 911 463 384 557 498 526 331 497 413 667 367 114 978 1 353 268 670 625 335 381 562 553 781 781 49 864 995 546 37 932 25 300 395 761 209 245 287 541 742 52 560 462 519 539 463 872 807 486 849 142 867 763 696 0 544 97 865 
Sample Output: 0 1 18 25 37 49 52 67 97 114 126 142 150 172 209 214 218 245 257 268 277 282 287 300 311 317 331 332 335 346 349 353 359 367 381 384 387 395 399 413 441 462 463 463 486 495 497 497 498 519 526 539 541 544 546 553 557 560 562 584 625 629 645 650 665 667 670 683 688 690 696 731 742 761 763 774 781 781 790 807 849 864 865 867 867 870 872 878 886 887 911 920 930 932 937 937 978 984 995 9
insertShifts = 2571 , insertComparisons =  2571 , mergeComparisons =  540, mergecopies = 1410

Sample #2
Input Size: 500
Sample Input: 156 146 853 886 401 510 408 632 38 948 977 620 254 427 57 965 330 379 229 19 851 650 550 302 301 219 515 687 299 989 383 808 487 588 694 889 98 103 521 137 403 851 109 657 278 166 974 960 897 203 979 748 206 881 51 507 101 566 546 400 555 929 560 43 517 255 284 967 710 805 456 113 656 566 123 287 84 97 247 982 653 227 730 211 460 781 718 561 700 264 314 255 545 874 650 414 481 934 381 543 92 838 657 100 756 780 387 192 229 987 526 234 214 257 445 26 390 515 588 442 131 902 50 676 128 700 90 962 987 824 505 79 14 162 531 122 294 919 314 876 258 841 110 824 450 908 850 192 423 438 987 907 692 37 935 173 737 378 135 76 202 992 507 216 155 39 338 801 310 4 29 568 197 492 392 999 400 242 544 175 33 531 82 77 568 370 602 657 748 737 734 950 730 241 518 237 632 208 390 942 212 420 510 762 912 254 761 664 849 305 839 234 188 274 663 756 644 266 414 392 355 500 694 437 741 564 26 374 772 417 668 336 189 531 98 453 785 212 117 986 869 956 220 58 582 236 166 578 502 932 970 857 432 16 295 526 580 673 252 704 90 920 41 631 803 491 84 589 55 201 927 925 510 500 335 444 736 853 23 238 786 993 447 570 362 94 96 942 768 348 999 210 621 40 842 424 883 926 365 939 480 645 216 990 145 903 786 233 756 809 823 894 155 270 465 517 717 561 811 485 262 810 47 235 202 889 11 86 168 377 25 648 374 593 990 871 496 776 104 604 586 927 499 741 549 964 610 266 877 773 103 139 584 503 726 786 392 738 224 912 467 601 560 841 194 902 712 42 679 168 647 617 95 146 710 996 462 672 615 339 445 70 831 29 573 557 168 318 647 744 230 114 346 143 307 892 45 371 935 76 539 582 693 986 80 755 335 542 427 950 881 873 372 64 254 946 622 774 616 621 871 846 88 217 989 395 109 387 119 396 463 10 978 509 349 58 264 684 600 44 986 834 269 358 898 875 656 872 650 624 494 873 471 582 90 812 329 551 199 448 948 15 811 278 524 160 337 140 844 289 184 830 123 805 540 374 681 549 246 683 173 740 556 996 674 998 161 4 549 712 804 849 727 615 128 603 775 817 744 971 
Sample Output: 4 4 10 11 14 15 16 19 23 25 26 26 29 29 33 37 38 39 40 41 42 43 44 45 47 50 51 55 57 58 58 64 70 76 76 77 79 80 82 84 84 86 88 90 90 90 92 94 95 96 97 98 98 100 101 103 103 104 109 109 110 113 114 117 119 122 123 123 128 128 131 135 137 139 140 143 145 146 146 155 155 156 160 161 162 166 166 168 168 168 173 173 175 184 188 189 192 192 194 197 199 201 202 202 203 206 208 210 211 212 212 214 216 216 217 219 220 224 227 229 229 230 233 234 234 235 236 237 238 241 242 246 247 252 254 254 254 255 255 257 258 262 264 264 266 266 269 270 274 278 278 284 287 289 294 295 299 301 302 305 307 310 314 314 318 329 330 335 335 336 337 338 339 346 348 349 355 358 362 365 370 371 372 374 374 374 377 378 379 381 383 387 387 390 390 392 392 392 395 396 400 400 401 403 408 414 414 417 420 423 424 427 427 432 437 438 442 444 445 445 447 448 450 453 456 460 462 463 465 467 471 480 481 485 487 491 492 494 496 499 500 500 502 503 505 507 507 509 510 510 510 515 515 517 517 518 521 524 526 526 531 531 531 539 540 542 543 544 545 546 549 549 549 550 551 555 556 557 560 560 561 561 564 566 566 568 568 570 573 578 580 582 582 582 584 586 588 588 589 593 600 601 602 603 604 610 615 615 616 617 620 621 621 622 624 631 632 632 644 645 647 647 648 650 650 650 653 656 656 657 657 657 663 664 668 672 673 674 676 679 681 683 684 687 692 693 694 694 700 700 704 710 710 712 712 717 718 726 727 730 730 734 736 737 737 738 740 741 741 744 744 748 748 755 756 756 756 761 762 768 772 773 774 775 776 780 781 785 786 786 786 801 803 804 805 805 808 809 810 811 811 812 817 823 824 824 830 831 834 838 839 841 841 842 844 846 849 849 850 851 851 853 853 857 869 871 871 872 873 873 874 875 876 877 881 881 883 886 889 889 892 894 897 898 902 902 903 907 908 912 912 919 920 925 926 927 927 929 932 934 935 935 939 942 942 946 948 948 950 950 956 960 962 964 965 967 970 971 974 977 978 979 982 986 986 986 987 987 987 989 989 990 990 992 993 996 996 998 999 999 
insertShifts = 59679 , insertComparisons = 59679  , mergeComparisons = 3877 , mergecopies = 5486

Sample #3
Input Size: 1000
Sample Input: 141 256 140 694 395 410 643 604 22 525 100 27 455 123 725 738 306 301 678 863 874 174 946 729 847 655 799 565 814 958 615 955 214 755 650 961 165 293 565 539 818 18 566 625 493 643 363 152 945 393 15 171 920 313 900 767 969 700 684 783 10 299 91 576 406 741 537 571 34 454 462 205 472 28 830 966 23 546 118 320 291 485 491 211 798 392 978 119 444 14 255 454 313 346 382 719 87 919 642 473 373 104 30 198 484 861 164 860 759 634 180 50 119 24 614 269 416 944 741 212 959 348 18 624 694 400 696 133 319 690 958 44 147 989 594 983 202 110 843 961 744 24 363 215 48 329 837 816 274 930 380 585 278 398 561 972 150 257 457 821 300 415 865 447 756 812 430 958 922 274 271 19 650 987 586 50 316 775 218 942 705 598 879 983 996 441 307 146 50 116 967 350 532 184 797 640 348 580 599 271 206 222 642 856 209 228 258 878 4 476 172 61 74 52 397 422 493 704 920 543 821 239 246 705 775 395 345 124 975 296 747 181 519 741 389 80 321 999 310 677 475 483 739 901 535 136 675 380 192 947 923 13 538 521 70 314 917 768 790 892 64 889 426 935 630 167 16 951 167 326 629 994 161 720 248 696 856 275 76 48 223 352 414 761 873 836 427 790 604 569 35 669 458 813 604 440 332 972 744 851 651 373 846 812 93 446 509 301 721 937 701 296 641 115 58 515 952 837 657 908 407 44 577 217 209 534 658 542 506 402 393 157 127 591 322 572 37 183 225 111 120 926 407 114 394 817 629 698 655 638 606 414 35 184 631 244 70 641 786 576 395 180 86 522 123 760 446 161 943 671 624 415 598 31 529 992 849 510 690 856 149 296 270 536 832 253 780 902 895 567 831 290 99 269 165 222 29 611 735 972 635 359 739 233 743 269 577 944 779 619 800 280 267 70 816 452 323 949 354 570 516 537 213 967 158 378 541 539 341 629 511 976 988 603 561 83 872 138 27 651 109 827 284 377 249 100 829 925 49 535 847 917 73 60 236 583 438 778 123 132 407 986 108 747 589 22 183 461 160 210 465 270 390 749 999 991 201 828 268 251 363 116 520 788 176 757 724 967 887 847 99 646 833 559 393 775 581 928 236 94 139 53 716 881 802 715 872 4 895 141 607 610 609 127 751 785 884 475 104 123 322 555 769 507 467 515 282 400 443 871 846 934 924 562 815 79 629 40 83 876 533 690 487 142 169 238 279 406 65 736 529 387 291 299 246 758 814 881 159 609 752 5 544 28 920 711 107 901 103 542 778 636 584 617 130 754 855 762 160 920 498 41 659 141 340 257 900 506 138 411 116 242 768 660 271 40 723 730 942 827 625 720 815 209 337 298 315 544 60 827 816 910 869 827 51 209 84 303 716 223 66 184 465 835 844 88 875 919 171 169 746 148 241 562 357 578 860 25 474 272 852 290 182 721 469 585 283 554 889 351 777 307 535 594 142 731 35 370 650 558 539 749 706 133 311 415 711 523 440 538 795 293 180 329 366 650 914 649 204 155 352 333 815 239 279 309 970 666 679 973 224 571 722 282 704 385 698 767 908 490 657 55 783 838 384 502 840 650 503 44 158 856 729 973 95 360 634 418 27 314 743 603 237 817 886 293 202 936 412 462 426 70 517 562 908 253 64 748 255 919 144 765 775 225 90 223 585 725 993 612 391 736 216 980 553 454 273 107 742 685 569 168 755 438 82 15 43 498 115 650 418 611 416 545 836 858 120 422 583 113 386 326 201 954 306 106 408 931 213 502 617 134 671 724 924 753 92 967 604 559 618 22 171 386 567 359 244 40 133 180 153 520 858 707 474 165 813 235 448 379 737 65 865 760 142 790 866 586 757 470 145 727 844 668 113 763 28 710 803 161 242 309 33 100 16 508 617 181 95 66 560 184 483 426 297 625 216 515 211 325 337 709 53 181 377 518 944 405 228 100 919 470 409 952 923 425 812 540 606 907 606 519 444 90 297 741 67 865 608 631 190 945 340 595 126 717 114 422 475 694 522 394 517 931 346 440 708 159 980 315 418 939 186 214 29 483 307 448 348 915 79 538 860 419 486 338 489 600 761 964 294 635 710 163 567 408 603 627 919 584 942 338 523 128 552 904 963 212 352 311 127 432 202 340 203 688 678 692 288 791 8 934 779 718 98 698 127 53 325 46 989 620 736 512 748 641 768 64 853 473 375 332 257 577 672 460 617 703 505 257 494 513 544 273 584 642 323 63 47 649
Sample Output: 4 4 5 8 10 13 14 15 15 16 16 18 18 19 22 22 22 23 24 24 25 27 27 27 28 28 28 29 29 30 31 33 34 35 35 35 37 40 40 40 41 43 44 44 44 46 47 48 48 49 50 50 50 51 52 53 53 53 55 58 60 60 61 63 64 64 64 65 65 66 66 67 70 70 70 70 73 74 76 79 79 80 82 83 83 84 86 87 88 90 90 91 92 93 94 95 95 98 99 99 100 100 100 100 103 104 104 106 107 107 108 109 110 111 113 113 114 114 115 115 116 116 116 118 119 119 120 120 123 123 123 123 124 126 127 127 127 127 128 130 132 133 133 133 134 136 138 138 139 140 141 141 141 142 142 142 144 145 146 147 148 149 150 152 153 155 157 158 158 159 159 160 160 161 161 161 163 164 165 165 165 167 167 168 169 169 171 171 171 172 174 176 180 180 180 180 181 181 181 182 183 183 184 184 184 184 186 190 192 198 201 201 202 202 202 203 204 205 206 209 209 209 209 210 211 211 212 212 213 213 214 214 215 216 216 217 218 222 222 223 223 223 224 225 225 228 228 233 235 236 236 237 238 239 239 241 242 242 244 244 246 246 248 249 251 253 253 255 255 256 257 257 257 257 258 267 268 269 269 269 270 270 271 271 271 272 273 273 274 274 275 278 279 279 280 282 282 283 284 288 290 290 291 291 293 293 293 294 296 296 296 297 297 298 299 299 300 301 301 303 306 306 307 307 307 309 309 310 311 311 313 313 314 314 315 315 316 319 320 321 322 322 323 323 325 325 326 326 329 329 332 332 333 337 337 338 338 340 340 340 341 345 346 346 348 348 348 350 351 352 352 352 354 357 359 359 360 363 363 363 366 370 373 373 375 377 377 378 379 380 380 382 384 385 386 386 387 389 390 391 392 393 393 393 394 394 395 395 395 397 398 400 400 402 405 406 406 407 407 407 408 408 409 410 411 412 414 414 415 415 415 416 416 418 418 418 419 422 422 422 425 426 426 426 427 430 432 438 438 440 440 440 441 443 444 444 446 446 447 448 448 452 454 454 454 455 457 458 460 461 462 462 465 465 467 469 470 470 472 473 473 474 474 475 475 475 476 483 483 483 484 485 486 487 489 490 491 493 493 494 498 498 502 502 503 505 506 506 507 508 509 510 511 512 513 515 515 515 516 517 517 518 519 519 520 520 521 522 522 523 523 525 529 529 532 533 534 535 535 535 536 537 537 538 538 538 539 539 539 540 541 542 542 543 544 544 544 545 546 552 553 554 555 558 559 559 560 561 561 562 562 562 565 565 566 567 567 567 569 569 570 571 571 572 576 576 577 577 577 578 580 581 583 583 584 584 584 585 585 585 586 586 589 591 594 594 595 598 598 599 600 603 603 603 604 604 604 604 606 606 606 607 608 609 609 610 611 611 612 614 615 617 617 617 617 618 619 620 624 624 625 625 625 627 629 629 629 629 630 631 631 634 634 635 635 636 638 640 641 641 641 642 642 642 643 643 646 649 649 650 650 650 650 650 650 651 651 655 655 657 657 658 659 660 666 668 669 671 671 672 675 677 678 678 679 684 685 688 690 690 690 692 694 694 694 696 696 698 698 698 700 701 703 704 704 705 705 706 707 708 709 710 710 711 711 715 716 716 717 718 719 720 720 721 721 722 723 724 724 725 725 727 729 729 730 731 735 736 736 736 737 738 739 739 741 741 741 741 742 743 743 744 744 746 747 747 748 748 749 749 751 752 753 754 755 755 756 757 757 758 759 760 760 761 761 762 763 765 767 767 768 768 768 769 775 775 775 775 777 778 778 779 779 780 783 783 785 786 788 790 790 790 791 795 797 798 799 800 802 803 812 812 812 813 813 814 814 815 815 815 816 816 816 817 817 818 821 821 827 827 827 827 828 829 830 831 832 833 835 836 836 837 837 838 840 843 844 844 846 846 847 847 847 849 851 852 853 855 856 856 856 856 858 858 860 860 860 861 863 865 865 865 866 869 871 872 872 873 874 875 876 878 879 881 881 884 886 887 889 889 892 895 895 900 900 901 901 902 904 907 908 908 908 910 914 915 917 917 919 919 919 919 919 920 920 920 920 922 923 923 924 924 925 926 928 930 931 931 934 934 935 936 937 939 942 942 942 943 944 944 944 945 945 946 947 949 951 952 952 954 955 958 958 958 959 961 961 963 964 966 967 967 967 967 969 970 972 972 972 973 973 975 976 978 980 980 983 983 986 987 988 989 989 991 992 993 994 996 999 999
insertShifts = 251804 , insertComparisons =  251804 , mergeComparisons = 8713 , mergecopies = 8713

Sample #4
Input Size: 1500
Sample Input: 111 462 595 867 529 980 387 31 882 849 745 520 244 753 413 902 650 789 528 696 749 517 553 69 816 564 234 519 364 240 545 827 702 140 47 583 472 786 615 354 635 712 875 879 817 640 782 820 429 662 516 179 531 69 248 699 986 482 219 702 74 116 529 129 608 928 712 81 714 327 787 702 392 14 581 209 655 715 29 84 730 546 615 261 967 863 961 953 698 532 655 124 648 537 253 256 465 966 337 532 645 125 234 389 139 815 599 146 883 980 583 613 526 198 874 846 414 187 799 112 719 455 236 367 992 842 624 809 808 313 341 805 438 927 195 930 95 146 428 978 126 11 591 5 210 817 851 624 5 650 88 724 457 324 92 801 166 68 611 326 381 304 484 172 584 31 454 679 177 882 657 303 894 600 308 456 417 511 80 422 162 168 147 971 844 591 773 363 659 736 41 392 392 877 564 976 908 18 7 85 253 16 741 147 616 401 955 34 913 35 808 427 555 955 398 751 898 171 466 909 259 860 302 4 737 218 980 646 237 340 731 842 356 824 341 973 226 296 359 139 683 167 566 238 475 964 341 373 488 160 283 99 20 937 103 757 155 84 755 744 776 839 586 132 663 279 105 889 575 464 28 258 984 946 848 459 911 542 832 751 702 467 850 722 756 954 831 912 390 939 8 166 778 947 298 441 226 756 683 154 572 63 412 556 10 261 15 273 155 200 376 857 19 226 931 776 532 114 40 922 53 48 88 831 347 739 625 926 847 308 80 419 723 492 328 85 105 695 358 260 247 734 469 267 313 400 43 845 515 83 120 920 483 560 752 831 299 729 109 498 389 189 270 112 681 598 198 139 645 908 751 893 995 221 160 660 973 555 505 840 638 625 761 473 186 865 656 837 594 765 336 983 954 606 447 988 556 997 127 201 906 878 94 253 99 606 913 425 161 770 265 151 396 26 625 934 891 281 771 485 399 459 820 353 417 620 341 973 617 820 527 875 699 973 128 150 580 393 575 93 164 841 245 912 219 222 846 111 855 969 948 254 781 121 608 198 741 301 172 710 122 51 586 173 24 66 675 604 460 603 50 976 796 295 888 15 517 86 478 372 55 779 979 836 900 587 387 993 240 559 703 714 610 641 239 986 708 915 943 520 870 993 848 666 288 736 33 157 174 512 881 581 643 860 770 895 799 157 888 392 68 943 106 30 585 698 16 645 965 959 517 835 304 365 501 592 453 886 101 627 750 335 208 393 195 978 288 347 487 528 739 555 824 197 585 761 895 954 406 860 913 275 695 218 640 548 162 445 435 616 72 185 951 632 931 498 963 219 845 450 100 936 358 924 134 943 685 29 249 443 890 515 718 937 85 710 486 599 155 273 215 579 810 518 211 741 369 526 313 566 977 413 503 687 689 637 982 374 18 232 169 908 747 887 198 832 949 36 431 104 309 999 35 471 517 246 213 238 125 526 805 454 291 308 141 980 297 123 706 315 355 875 576 102 762 774 286 63 810 718 167 471 69 202 942 586 800 507 177 925 385 982 379 28 290 872 8 587 996 714 254 351 589 830 806 703 604 92 118 766 162 285 237 231 839 532 170 992 391 347 269 777 681 1 805 971 873 166 910 869 232 164 573 174 995 379 877 951 823 996 718 986 633 307 569 825 191 91 169 583 790 438 712 471 791 869 794 665 35 704 886 620 221 459 794 568 190 671 519 14 19 589 352 5 249 273 182 440 717 351 375 507 141 439 331 933 309 125 950 696 182 188 316 755 0 110 323 190 134 194 556 505 136 260 862 385 534 44 177 251 747 553 110 889 992 441 174 653 919 476 350 101 664 18 208 664 481 531 855 967 77 763 472 213 24 687 950 558 731 128 161 479 681 271 720 25 65 894 679 984 722 381 437 386 751 645 51 232 528 258 199 605 373 24 171 397 711 121 307 794 249 468 625 282 92 345 660 509 591 691 493 313 72 282 52 823 927 455 408 807 65 959 412 438 983 583 836 46 57 495 841 306 964 818 941 408 516 601 917 459 292 762 125 716 396 177 891 675 632 299 482 697 259 894 487 594 830 675 641 887 171 834 545 487 4 486 895 520 87 164 980 731 278 105 447 674 282 691 349 266 990 831 315 601 77 802 548 907 830 541 146 1 727 692 488 731 178 383 252 618 899 584 701 177 689 501 851 323 192 200 941 534 31 256 488 108 410 36 368 240 929 514 241 656 558 81 387 89 816 991 59 715 927 760 892 616 261 95 291 805 295 232 692 678 840 180 139 251 568 859 843 497 725 437 505 284 518 244 373 335 588 432 50 515 544 295 484 158 390 775 963 38 360 7 68 200 187 559 803 107 418 647 956 144 84 461 428 602 706 153 289 646 585 340 161 481 987 645 639 729 421 955 119 133 962 188 333 502 747 137 609 166 136 566 310 220 27 90 174 85 243 464 731 180 156 893 661 143 890 301 224 311 608 344 444 570 532 130 72 631 619 34 797 755 600 459 975 979 901 501 65 144 965 148 676 473 393 338 968 284 991 193 947 599 537 744 521 421 874 946 404 493 980 554 248 580 365 575 559 267 428 976 763 746 125 440 219 518 130 188 802 121 733 102 72 622 846 945 395 720 891 799 565 223 353 165 803 719 92 715 338 520 43 101 266 520 541 838 39 671 378 193 144 111 295 216 85 141 162 480 213 405 279 778 629 985 943 784 56 35 851 394 908 895 495 526 415 389 364 806 60 742 352 557 205 999 125 290 141 287 122 706 45 754 837 674 739 780 810 795 168 662 541 428 909 36 954 324 425 319 483 838 413 835 747 619 186 872 261 679 160 384 386 557 138 223 583 229 355 393 24 875 55 565 303 964 953 258 641 731 929 476 921 342 663 668 313 849 540 575 529 52 959 915 609 449 490 192 678 845 938 702 721 993 619 24 310 924 634 303 655 563 131 928 906 794 596 219 643 137 794 172 541 105 439 151 554 929 695 232 127 633 286 848 979 257 224 641 182 859 296 189 422 427 118 680 221 66 900 216 555 46 741 97 152 532 600 58 814 295 291 941 281 577 141 612 835 717 253 369 928 901 910 351 328 380 383 901 447 635 469 2 682 210 99 186 95 699 244 909 347 535 850 628 465 343 240 652 60 845 21 989 746 283 692 426 664 427 679 111 63 148 465 745 711 917 931 806 968 527 67 315 63 269 295 880 612 887 532 24 732 905 365 830 540 57 608 204 837 287 667 900 788 133 645 499 50 928 657 18 455 724 686 870 993 981 102 957 869 634 981 953 891 347 784 432 756 392 636 593 32 656 845 820 789 490 319 191 770 328 209 226 52 247 448 397 229 551 354 450 537 687 403 429 386 539 213 495 932 201 88 316 857 934 136 998 776 807 189 547 135 751 125 539 998 925 936 227 476 642 
Sample Output: 0 1 1 2 4 4 5 5 5 7 7 8 8 10 11 14 14 15 15 16 16 18 18 18 18 19 19 20 21 24 24 24 24 24 24 25 26 27 28 28 29 29 30 31 31 31 32 33 34 34 35 35 35 35 36 36 36 38 39 40 41 43 43 44 45 46 46 47 48 50 50 50 51 51 52 52 52 53 55 55 56 57 57 58 59 60 60 63 63 63 63 65 65 65 66 66 67 68 68 68 69 69 69 72 72 72 72 74 77 77 80 80 81 81 83 84 84 84 85 85 85 85 85 86 87 88 88 88 89 90 91 92 92 92 92 93 94 95 95 95 97 99 99 99 100 101 101 101 102 102 102 103 104 105 105 105 105 106 107 108 109 110 110 111 111 111 111 112 112 114 116 118 118 119 120 121 121 121 122 122 123 124 125 125 125 125 125 125 125 126 127 127 128 128 129 130 130 131 132 133 133 134 134 135 136 136 136 137 137 138 139 139 139 139 140 141 141 141 141 141 143 144 144 144 146 146 146 147 147 148 148 150 151 151 152 153 154 155 155 155 156 157 157 158 160 160 160 161 161 161 162 162 162 162 164 164 164 165 166 166 166 166 167 167 168 168 169 169 170 171 171 171 172 172 172 173 174 174 174 174 177 177 177 177 177 178 179 180 180 182 182 182 185 186 186 186 187 187 188 188 188 189 189 189 190 190 191 191 192 192 193 193 194 195 195 197 198 198 198 198 199 200 200 200 201 201 202 204 205 208 208 209 209 210 210 211 213 213 213 213 215 216 216 218 218 219 219 219 219 219 220 221 221 221 222 223 223 224 224 226 226 226 226 227 229 229 231 232 232 232 232 232 234 234 236 237 237 238 238 239 240 240 240 240 241 243 244 244 244 245 246 247 247 248 248 249 249 249 251 251 252 253 253 253 253 254 254 256 256 257 258 258 258 259 259 260 260 261 261 261 261 265 266 266 267 267 269 269 270 271 273 273 273 275 278 279 279 281 281 282 282 282 283 283 284 284 285 286 286 287 287 288 288 289 290 290 291 291 291 292 295 295 295 295 295 295 296 296 297 298 299 299 301 301 302 303 303 303 304 304 306 307 307 308 308 308 309 309 310 310 311 313 313 313 313 313 315 315 315 316 316 319 319 323 323 324 324 326 327 328 328 328 331 333 335 335 336 337 338 338 340 340 341 341 341 341 342 343 344 345 347 347 347 347 347 349 350 351 351 351 352 352 353 353 354 354 355 355 356 358 358 359 360 363 364 364 365 365 365 367 368 369 369 372 373 373 373 374 375 376 378 379 379 380 381 381 383 383 384 385 385 386 386 386 387 387 387 389 389 389 390 390 391 392 392 392 392 392 393 393 393 393 394 395 396 396 397 397 398 399 400 401 403 404 405 406 408 408 410 412 412 413 413 413 414 415 417 417 418 419 421 421 422 422 425 425 426 427 427 427 428 428 428 428 429 429 431 432 432 435 437 437 438 438 438 439 439 440 440 441 441 443 444 445 447 447 447 448 449 450 450 453 454 454 455 455 455 456 457 459 459 459 459 459 460 461 462 464 464 465 465 465 466 467 468 469 469 471 471 471 472 472 473 473 475 476 476 476 478 479 480 481 481 482 482 483 483 484 484 485 486 486 487 487 487 488 488 488 490 490 492 493 493 495 495 495 497 498 498 499 501 501 501 502 503 505 505 505 507 507 509 511 512 514 515 515 515 516 516 517 517 517 517 518 518 518 519 519 520 520 520 520 520 521 526 526 526 526 527 527 528 528 528 529 529 529 531 531 532 532 532 532 532 532 532 534 534 535 537 537 537 539 539 540 540 541 541 541 541 542 544 545 545 546 547 548 548 551 553 553 554 554 555 555 555 555 556 556 556 557 557 558 558 559 559 559 560 563 564 564 565 565 566 566 566 568 568 569 570 572 573 575 575 575 575 576 577 579 580 580 581 581 583 583 583 583 583 584 584 585 585 585 586 586 586 587 587 588 589 589 591 591 591 592 593 594 594 595 596 598 599 599 599 600 600 600 601 601 602 603 604 604 605 606 606 608 608 608 608 609 609 610 611 612 612 613 615 615 616 616 616 617 618 619 619 619 620 620 622 624 624 625 625 625 625 627 628 629 631 632 632 633 633 634 634 635 635 636 637 638 639 640 640 641 641 641 641 642 643 643 645 645 645 645 645 645 646 646 647 648 650 650 652 653 655 655 655 656 656 656 657 657 659 660 660 661 662 662 663 663 664 664 664 665 666 667 668 671 671 674 674 675 675 675 676 678 678 679 679 679 679 680 681 681 681 682 683 683 685 686 687 687 687 689 689 691 691 692 692 692 695 695 695 696 696 697 698 698 699 699 699 701 702 702 702 702 702 703 703 704 706 706 706 708 710 710 711 711 712 712 712 714 714 714 715 715 715 716 717 717 718 718 718 719 719 720 720 721 722 722 723 724 724 725 727 729 729 730 731 731 731 731 731 731 732 733 734 736 736 737 739 739 739 741 741 741 741 742 744 744 745 745 746 746 747 747 747 747 749 750 751 751 751 751 751 752 753 754 755 755 755 756 756 756 757 760 761 761 762 762 763 763 765 766 770 770 770 771 773 774 775 776 776 776 777 778 778 779 780 781 782 784 784 786 787 788 789 789 790 791 794 794 794 794 794 795 796 797 799 799 799 800 801 802 802 803 803 805 805 805 805 806 806 806 807 807 808 808 809 810 810 810 814 815 816 816 817 817 818 820 820 820 820 823 823 824 824 825 827 830 830 830 830 831 831 831 831 832 832 834 835 835 835 836 836 837 837 837 838 838 839 839 840 840 841 841 842 842 843 844 845 845 845 845 845 846 846 846 847 848 848 848 849 849 850 850 851 851 851 855 855 857 857 859 859 860 860 860 862 863 865 867 869 869 869 870 870 872 872 873 874 874 875 875 875 875 877 877 878 879 880 881 882 882 883 886 886 887 887 887 888 888 889 889 890 890 891 891 891 891 892 893 893 894 894 894 895 895 895 895 898 899 900 900 900 901 901 901 902 905 906 906 907 908 908 908 908 909 909 909 910 910 911 912 912 913 913 913 915 915 917 917 919 920 921 922 924 924 925 925 926 927 927 927 928 928 928 928 929 929 929 930 931 931 931 932 933 934 934 936 936 937 937 938 939 941 941 941 942 943 943 943 943 945 946 946 947 947 948 949 950 950 951 951 953 953 953 954 954 954 954 955 955 955 956 957 959 959 959 961 962 963 963 964 964 964 965 965 966 967 967 968 968 969 971 971 973 973 973 973 975 976 976 976 977 978 978 979 979 979 980 980 980 980 980 980 981 981 982 982 983 983 984 984 985 986 986 986 987 988 989 990 991 991 992 992 992 993 993 993 993 995 995 996 996 997 998 998 999 999
insertShifts = 565553 , insertComparisons =  565553 , mergeComparisons =  13935 , mergecopies = 18950

Sample #5
Input Size: 3000
Sample Input: 408 871 420 433 861 906 0 752 649 257 19 720 673 366 465 157 823 681 912 255 857 214 787 668 70 308 548 28 755 276 270 515 499 42 301 713 948 653 817 949 910 836 669 936 202 486 93 377 520 357 632 377 571 419 398 993 727 298 21 835 574 643 702 425 686 3 138 986 8 955 936 919 143 605 207 697 92 300 74 612 657 706 341 580 477 91 925 557 389 298 392 315 942 94 93 980 450 231 966 458 539 902 729 34 508 936 732 952 588 806 916 245 865 257 177 694 701 102 251 90 401 995 758 695 442 851 675 244 434 993 54 325 896 784 360 756 72 444 60 13 250 976 610 467 585 788 514 286 242 765 729 643 113 487 690 555 690 717 799 476 711 853 802 959 989 514 715 414 958 775 427 208 751 37 28 336 177 542 975 420 659 704 415 772 543 106 327 233 823 478 709 886 684 863 845 673 377 560 439 335 687 218 896 790 256 924 479 433 818 454 205 477 158 621 250 53 79 929 286 902 760 347 141 444 211 986 469 588 899 909 924 586 127 820 729 735 96 208 521 914 662 726 391 172 699 993 225 778 275 863 33 35 210 174 831 773 512 300 362 411 561 638 350 41 458 79 776 554 639 649 820 653 728 563 825 427 557 402 558 184 617 943 571 179 117 402 953 629 54 315 393 616 953 743 657 763 174 785 669 813 787 489 466 515 52 643 294 961 45 204 145 14 147 716 193 264 470 146 246 525 461 991 141 766 734 150 529 260 287 550 73 426 39 539 941 444 182 588 757 579 792 255 945 292 323 138 908 794 285 154 319 98 497 812 865 231 314 746 843 953 649 916 380 40 807 673 484 341 613 594 272 758 849 217 50 172 356 958 318 641 465 989 91 962 153 308 546 819 407 389 773 56 658 505 96 465 178 933 807 792 527 79 550 728 297 952 252 5 910 571 646 375 912 89 690 66 398 236 237 805 977 10 213 635 515 309 101 46 242 260 190 121 339 92 849 988 44 102 993 306 25 991 34 937 433 724 355 831 312 945 988 641 955 201 277 823 862 730 221 457 990 763 578 681 855 780 22 251 234 367 909 259 711 943 548 144 19 256 975 331 201 315 973 508 868 602 683 730 332 904 187 674 19 118 707 874 898 729 477 132 449 387 391 160 682 291 304 702 547 631 33 100 298 358 961 166 312 644 896 996 901 84 670 920 202 378 147 452 459 976 584 908 363 327 420 46 618 724 748 518 707 133 618 5 844 579 171 156 576 68 153 477 504 175 749 58 905 896 510 717 225 94 977 588 421 398 986 391 122 86 909 182 572 880 187 768 811 359 276 739 779 781 216 635 957 318 693 214 566 203 931 791 649 909 732 70 307 718 461 781 157 723 315 81 955 503 849 766 214 125 506 345 259 74 980 216 392 673 782 311 228 714 102 877 975 834 947 634 905 760 767 62 835 83 495 790 586 344 557 152 821 415 497 80 841 829 648 234 502 431 545 730 497 999 607 472 834 906 106 91 18 873 505 854 308 0 644 894 344 553 398 165 320 247 598 162 76 246 748 930 29 645 660 526 644 619 350 830 877 808 921 248 34 426 102 342 426 98 589 122 4 987 640 324 587 238 486 663 836 586 594 866 231 606 744 876 578 95 706 807 903 628 55 937 406 157 280 833 608 221 955 612 208 595 936 795 185 775 811 22 361 405 240 593 363 984 821 293 79 527 101 335 507 156 624 266 666 256 99 274 477 406 238 38 354 526 185 539 301 996 561 663 753 801 608 469 138 429 762 569 308 863 904 168 372 881 434 390 137 885 16 967 643 254 5 997 780 190 537 434 539 450 449 292 604 57 761 742 838 876 311 498 91 568 18 463 801 804 205 938 41 221 257 685 827 262 682 960 805 571 394 344 374 843 988 330 252 102 424 442 978 735 940 421 655 959 885 456 115 442 747 157 664 4 842 843 619 876 803 424 800 197 120 526 392 460 856 644 562 280 86 892 367 379 314 375 690 551 831 805 993 930 962 9 935 156 853 554 385 656 330 185 206 450 711 598 910 919 243 825 551 681 717 918 60 383 293 750 934 477 908 280 407 222 289 694 379 494 248 764 151 930 301 709 380 364 307 643 635 550 820 186 584 537 104 644 273 750 747 559 227 7 839 986 229 481 681 960 975 929 76 478 212 377 187 592 93 847 587 728 749 407 914 333 297 371 330 570 121 77 481 700 84 321 686 665 802 367 626 129 649 702 960 861 432 499 805 525 346 745 606 96 152 872 429 801 243 759 723 716 188 205 768 624 878 455 290 32 174 916 161 823 970 473 36 402 973 842 928 319 587 886 767 91 758 549 245 2 308 968 70 849 525 839 473 403 646 115 787 820 383 301 996 354 774 32 756 747 226 36 419 165 922 538 257 681 87 854 35 396 174 457 597 700 296 422 455 294 538 243 115 921 544 111 275 670 495 384 770 722 420 189 887 343 727 496 376 167 702 411 563 877 868 512 929 517 934 384 811 472 979 278 394 875 741 21 546 237 405 316 311 826 857 198 521 936 47 897 103 749 660 18 626 880 530 907 749 465 292 913 289 623 191 683 499 285 57 45 522 814 713 833 992 570 383 513 506 782 762 962 532 774 980 510 655 511 418 404 328 62 669 617 685 213 653 536 498 62 933 20 876 646 205 869 568 940 382 427 723 497 389 607 271 369 469 926 232 239 683 912 301 704 530 339 917 535 227 415 597 161 435 473 807 992 342 376 933 77 155 656 574 544 263 845 265 84 124 850 324 159 762 625 863 644 316 781 179 544 196 128 57 984 602 216 976 296 944 909 725 99 917 299 643 532 497 261 617 973 111 941 132 225 918 347 222 587 128 753 483 677 882 540 661 836 756 989 484 701 251 210 800 520 861 796 53 710 57 22 683 520 315 167 745 585 867 967 172 347 721 7 24 955 899 37 791 656 379 627 709 630 837 861 150 699 9 555 409 66 577 445 938 244 964 36 830 831 355 354 179 428 362 555 383 261 593 526 269 972 154 330 954 991 192 104 42 201 12 804 620 941 601 558 186 565 594 368 397 950 722 928 378 436 483 114 698 76 640 319 400 794 650 354 138 842 811 532 395 823 336 15 764 937 574 302 855 520 670 252 822 393 180 553 829 15 667 879 92 307 199 844 454 849 199 944 43 10 476 438 185 165 454 949 454 380 604 309 252 274 913 75 19 445 628 849 461 647 80 905 954 279 749 760 480 948 704 523 310 533 314 495 50 120 797 504 852 401 166 104 27 79 531 47 525 511 248 986 158 328 891 465 960 992 577 440 941 634 316 603 167 982 451 217 102 600 73 306 353 239 410 380 319 294 779 196 157 27 182 668 356 425 133 668 417 710 108 710 344 776 666 863 110 117 432 564 69 506 870 422 745 633 154 416 927 934 612 436 961 146 104 669 923 237 337 341 300 798 403 996 926 421 860 37 890 644 601 959 150 824 733 248 457 888 664 736 174 277 172 135 775 277 157 699 866 494 392 518 644 795 515 571 569 727 960 459 723 913 419 874 737 152 474 546 392 138 282 566 767 807 702 543 436 211 594 302 705 986 173 702 133 688 273 702 767 233 162 490 498 933 716 236 85 190 782 830 329 417 396 448 224 450 343 660 661 937 314 719 923 487 421 409 175 694 111 294 279 625 137 777 558 853 365 996 44 500 178 725 917 574 525 141 25 869 801 38 158 115 757 434 955 530 843 130 576 306 777 855 284 914 985 194 119 350 542 515 850 720 592 119 295 118 260 672 339 413 710 849 881 820 283 836 350 478 318 927 137 95 134 421 361 119 967 481 822 510 348 24 230 941 144 877 59 756 549 750 522 612 599 403 784 235 591 134 713 909 413 850 357 548 623 70 19 591 903 193 101 252 570 683 545 714 561 956 822 462 706 344 426 657 99 210 892 42 697 606 304 110 808 13 658 432 83 30 375 339 223 828 943 793 511 488 859 424 444 34 239 150 730 665 807 830 228 52 872 925 658 528 387 818 541 398 602 625 428 977 316 3 157 259 797 21 747 8 445 191 42 36 693 773 54 500 955 282 904 179 559 562 708 946 733 249 344 335 226 772 665 542 776 822 153 925 195 900 933 641 91 328 29 784 453 83 637 408 717 541 939 276 456 647 223 541 249 919 876 827 692 893 722 820 68 875 97 263 776 30 256 219 710 286 356 163 721 345 923 439 886 863 715 694 862 290 235 463 210 464 291 254 357 365 426 777 240 523 41 368 905 297 940 616 935 296 131 657 641 55 96 879 918 163 574 132 806 161 596 368 625 887 622 335 604 400 112 844 275 153 565 180 803 505 148 738 153 280 747 794 687 195 25 605 359 951 737 517 113 685 885 738 924 859 425 528 259 538 725 534 43 290 66 846 147 567 937 300 847 36 446 886 232 471 843 943 423 580 460 888 618 345 978 542 204 404 71 815 294 796 701 337 438 767 536 585 334 473 237 533 861 683 419 93 506 262 388 929 195 200 169 813 897 148 355 101 904 778 268 198 574 969 535 12 89 71 949 423 896 186 309 758 869 80 203 376 695 944 657 242 144 179 55 42 327 762 495 231 893 764 781 467 85 316 832 174 740 133 950 636 320 259 746 541 691 302 269 386 246 279 628 390 458 35 432 137 798 928 720 691 44 501 510 129 169 694 656 909 828 606 898 500 217 644 41 908 298 663 295 544 942 275 935 752 311 719 241 461 999 961 504 43 814 366 525 335 61 181 245 241 787 495 93 356 491 134 264 790 149 911 334 443 187 621 547 850 341 788 311 340 101 167 736 267 533 261 603 946 442 848 187 581 343 280 937 186 767 201 976 268 465 311 712 652 284 259 854 977 400 517 318 501 684 406 769 217 667 724 516 109 572 55 42 267 688 979 453 807 532 782 75 997 93 139 1 729 751 855 707 151 372 377 4 408 783 125 626 450 849 494 911 773 549 305 392 237 284 198 396 816 980 472 814 425 963 815 154 714 23 861 217 395 590 574 804 373 699 782 175 901 628 438 674 177 743 67 767 27 265 515 844 245 987 10 22 303 177 176 369 200 390 587 948 980 513 104 706 212 238 881 113 866 320 788 395 63 207 514 443 824 30 639 421 369 649 443 672 826 971 42 379 361 981 327 694 494 783 400 58 21 633 524 239 953 664 634 369 871 149 812 695 179 803 116 900 452 911 573 630 882 967 361 596 300 688 642 146 823 42 204 844 27 728 435 981 392 70 702 615 571 866 310 102 669 778 2 121 41 927 103 924 894 465 872 546 505 514 692 329 908 897 525 935 977 961 268 370 383 970 337 954 188 0 56 857 778 58 330 820 338 434 96 232 251 320 779 756 834 823 437 94 720 963 381 50 276 650 420 659 972 109 613 513 109 21 370 888 431 701 60 769 487 508 354 738 828 485 494 14 308 932 460 29 247 841 79 523 843 851 534 168 960 147 681 70 520 51 310 951 104 722 721 591 582 75 329 762 560 176 128 868 460 588 249 707 429 680 582 625 883 116 793 196 615 474 618 135 877 280 438 982 354 159 925 936 586 255 698 498 783 826 719 243 766 320 302 195 1 884 172 236 352 965 432 319 791 402 454 21 682 892 355 36 404 280 324 342 887 22 841 670 200 912 265 966 232 567 514 233 803 686 822 155 4 606 474 147 9 280 520 691 525 875 80 281 508 404 623 747 779 816 770 979 728 35 298 961 603 812 546 406 850 368 914 206 975 740 706 336 21 226 27 898 454 459 179 314 216 802 61 995 971 831 326 699 219 624 660 822 788 559 580 639 927 846 845 254 939 903 590 960 130 970 210 936 781 389 250 997 543 663 992 514 495 319 566 714 943 578 888 732 137 820 723 65 19 920 671 958 824 614 270 954 584 480 242 365 221 492 363 116 155 355 983 2 26 549 68 970 127 308 54 617 481 777 34 500 697 705 458 873 319 80 179 255 560 421 621 133 913 336 249 421 43 584 423 70 485 844 392 613 152 446 582 633 575 616 133 624 321 943 498 993 23 29 248 935 451 869 68 364 557 670 137 601 254 913 671 92 757 415 57 261 213 639 895 788 255 380 764 576 676 614 569 51 644 818 987 95 39 407 811 597 429 301 550 684 214 221 128 323 988 185 584 201 824 831 341 79 564 457 655 240 72 577 291 68 747 630 515 786 38 678 735 467 979 285 503 545 858 631 868 846 816 453 399 640 284 740 719 848 198 727 440 622 304 84 690 51 714 557 189 104 235 277 924 567 562 427 112 773 411 981 619 579 786 371 572 422 111 643 623 661 370 63 283 26 147 325 429 214 234 971 318 470 248 594 389 810 22 501 935 785 482 555 364 620 926 936 43 389 932 666 51 302 729 686 681 229 364 462 795 598 433 113 420 33 708 809 196 82 663 131 219 145 38 935 118 964 224 161 706 156 827 109 810 556 147 491 137 511 954 932 462 739 398 882 773 458 44 969 892 707 100 111 204 139 46 322 455 270 483 513 426 310 622 237 219 770 80 708 633 386 641 95 478 391 330 251 849 374 572 93 433 24 204 637 163 602 312 971 873 795 484 651 458 459 240 29 581 321 89 214 59 82 310 537 473 992 140 674 718 712 767 151 737 323 140 252 926 452 223 151 600 60 154 410 871 747 791 452 420 880 666 479 963 328 17 788 320 509 815 38 222 934 541 959 258 34 563 536 486 787 39 438 199 545 200 70 292 343 874 712 224 540 192 539 221 561 679 541 70 494 932 644 781 825 603 39 859 519 927 698 306 318 136 857 863 689 279 156 32 153 868 608 45
Sample Output: 0 0 0 1 1 2 2 2 3 3 4 4 4 4 5 5 5 7 7 8 8 9 9 9 10 10 10 12 12 13 13 14 14 15 15 16 17 18 18 18 19 19 19 19 19 19 20 21 21 21 21 21 21 21 22 22 22 22 22 22 23 23 24 24 24 25 25 25 26 26 27 27 27 27 27 28 28 29 29 29 29 29 30 30 30 32 32 32 33 33 33 34 34 34 34 34 34 35 35 35 35 36 36 36 36 36 36 37 37 37 38 38 38 38 38 39 39 39 39 40 41 41 41 41 41 42 42 42 42 42 42 42 42 43 43 43 43 43 44 44 44 44 45 45 45 46 46 46 47 47 50 50 50 51 51 51 51 52 52 53 53 54 54 54 54 55 55 55 55 56 56 57 57 57 57 57 58 58 58 59 59 60 60 60 60 61 61 62 62 62 63 63 65 66 66 66 67 68 68 68 68 68 69 70 70 70 70 70 70 70 70 70 71 71 72 72 73 73 74 74 75 75 75 76 76 76 77 77 79 79 79 79 79 79 79 80 80 80 80 80 80 81 82 82 83 83 83 84 84 84 84 85 85 86 86 87 89 89 89 90 91 91 91 91 91 91 92 92 92 92 93 93 93 93 93 93 93 94 94 94 95 95 95 95 96 96 96 96 96 97 98 98 99 99 99 100 100 101 101 101 101 101 102 102 102 102 102 102 102 103 103 104 104 104 104 104 104 104 106 106 108 109 109 109 109 110 110 111 111 111 111 111 112 112 113 113 113 113 114 115 115 115 115 116 116 116 117 117 118 118 118 119 119 119 120 120 121 121 121 122 122 124 125 125 127 127 128 128 128 128 129 129 130 130 131 131 132 132 132 133 133 133 133 133 133 134 134 134 135 135 136 137 137 137 137 137 137 137 138 138 138 138 138 139 139 140 140 141 141 141 143 144 144 144 145 145 146 146 146 147 147 147 147 147 147 147 148 148 149 149 150 150 150 150 151 151 151 151 152 152 152 152 153 153 153 153 153 153 154 154 154 154 154 155 155 155 156 156 156 156 156 157 157 157 157 157 157 157 158 158 158 159 159 160 161 161 161 161 162 162 163 163 163 165 165 165 166 166 167 167 167 167 168 168 169 169 171 172 172 172 172 172 173 174 174 174 174 174 174 175 175 175 176 176 177 177 177 177 178 178 179 179 179 179 179 179 179 179 180 180 181 182 182 182 184 185 185 185 185 185 186 186 186 186 187 187 187 187 187 188 188 189 189 190 190 190 191 191 192 192 193 193 194 195 195 195 195 196 196 196 196 197 198 198 198 198 199 199 199 200 200 200 200 201 201 201 201 201 202 202 203 203 204 204 204 204 204 205 205 205 205 206 206 207 207 208 208 208 210 210 210 210 210 211 211 212 212 213 213 213 214 214 214 214 214 214 216 216 216 216 217 217 217 217 217 218 219 219 219 219 221 221 221 221 221 221 222 222 222 223 223 223 224 224 224 225 225 225 226 226 226 227 227 228 228 229 229 230 231 231 231 231 232 232 232 232 233 233 233 234 234 234 235 235 235 236 236 236 237 237 237 237 237 237 238 238 238 239 239 239 239 240 240 240 240 241 241 242 242 242 242 243 243 243 243 244 244 245 245 245 245 246 246 246 247 247 248 248 248 248 248 248 249 249 249 249 250 250 250 251 251 251 251 251 252 252 252 252 252 252 254 254 254 254 255 255 255 255 255 256 256 256 256 257 257 257 257 258 259 259 259 259 259 259 260 260 260 261 261 261 261 262 262 263 263 264 264 265 265 265 266 267 267 268 268 268 269 269 270 270 270 271 272 273 273 274 274 275 275 275 275 276 276 276 276 277 277 277 277 278 279 279 279 279 280 280 280 280 280 280 280 280 281 282 282 283 283 284 284 284 284 285 285 285 286 286 286 287 289 289 290 290 290 291 291 291 292 292 292 292 293 293 294 294 294 294 294 295 295 296 296 296 297 297 297 298 298 298 298 298 299 300 300 300 300 300 301 301 301 301 301 301 302 302 302 302 302 303 304 304 304 305 306 306 306 306 307 307 307 308 308 308 308 308 308 308 309 309 309 310 310 310 310 310 311 311 311 311 311 311 312 312 312 314 314 314 314 314 315 315 315 315 315 316 316 316 316 316 318 318 318 318 318 318 319 319 319 319 319 319 319 320 320 320 320 320 320 321 321 321 322 323 323 323 324 324 324 325 325 326 327 327 327 327 328 328 328 328 329 329 329 330 330 330 330 330 330 331 332 333 334 334 335 335 335 335 335 336 336 336 336 337 337 337 338 339 339 339 339 340 341 341 341 341 341 342 342 342 343 343 343 343 344 344 344 344 344 344 345 345 345 346 347 347 347 348 350 350 350 350 352 353 354 354 354 354 354 354 355 355 355 355 355 356 356 356 356 357 357 357 358 359 359 360 361 361 361 361 362 362 363 363 363 364 364 364 364 365 365 365 366 366 367 367 367 368 368 368 368 369 369 369 369 370 370 370 371 371 372 372 373 374 374 375 375 375 376 376 376 377 377 377 377 377 378 378 379 379 379 379 380 380 380 380 380 381 382 383 383 383 383 383 384 384 385 386 386 387 387 388 389 389 389 389 389 389 390 390 390 391 391 391 391 392 392 392 392 392 392 392 392 393 393 394 394 395 395 395 396 396 396 397 398 398 398 398 398 398 399 400 400 400 400 401 401 402 402 402 402 403 403 403 404 404 404 404 405 405 406 406 406 406 407 407 407 407 408 408 408 409 409 410 410 411 411 411 413 413 414 415 415 415 415 416 417 417 418 419 419 419 419 420 420 420 420 420 420 420 421 421 421 421 421 421 421 421 422 422 422 423 423 423 424 424 424 425 425 425 425 426 426 426 426 426 426 427 427 427 427 428 428 429 429 429 429 429 431 431 432 432 432 432 432 433 433 433 433 433 434 434 434 434 434 435 435 436 436 436 437 438 438 438 438 438 439 439 440 440 442 442 442 442 443 443 443 444 444 444 444 445 445 445 446 446 448 449 449 450 450 450 450 450 451 451 452 452 452 452 453 453 453 454 454 454 454 454 454 455 455 455 456 456 457 457 457 457 458 458 458 458 458 458 459 459 459 459 460 460 460 460 461 461 461 461 462 462 462 463 463 464 465 465 465 465 465 465 465 466 467 467 467 469 469 469 470 470 471 472 472 472 473 473 473 473 473 474 474 474 476 476 477 477 477 477 477 477 478 478 478 478 479 479 480 480 481 481 481 481 482 483 483 483 484 484 484 485 485 486 486 486 487 487 487 488 489 490 491 491 492 494 494 494 494 494 494 495 495 495 495 495 495 496 497 497 497 497 497 498 498 498 498 498 499 499 499 500 500 500 500 501 501 501 502 503 503 504 504 504 505 505 505 505 506 506 506 506 507 508 508 508 508 509 510 510 510 510 511 511 511 511 512 512 513 513 513 513 514 514 514 514 514 514 515 515 515 515 515 515 515 516 517 517 517 518 518 519 520 520 520 520 520 520 521 521 522 522 523 523 523 524 525 525 525 525 525 525 525 525 526 526 526 526 527 527 528 528 529 530 530 530 531 532 532 532 532 533 533 533 534 534 535 535 536 536 536 537 537 537 538 538 538 539 539 539 539 539 540 540 541 541 541 541 541 541 542 542 542 542 543 543 543 544 544 544 544 545 545 545 545 546 546 546 546 546 547 547 548 548 548 549 549 549 549 550 550 550 550 551 551 553 553 554 554 555 555 555 555 556 557 557 557 557 557 558 558 558 559 559 559 560 560 560 561 561 561 561 562 562 562 563 563 563 564 564 565 565 566 566 566 567 567 567 568 568 569 569 569 570 570 570 571 571 571 571 571 571 572 572 572 572 573 574 574 574 574 574 574 574 575 576 576 576 577 577 577 578 578 578 579 579 579 580 580 580 581 581 582 582 582 584 584 584 584 584 585 585 585 586 586 586 586 587 587 587 587 587 588 588 588 588 588 589 590 590 591 591 591 592 592 593 593 594 594 594 594 594 595 596 596 597 597 597 598 598 598 599 600 600 601 601 601 602 602 602 602 603 603 603 603 604 604 604 605 605 606 606 606 606 606 607 607 608 608 608 610 612 612 612 612 613 613 613 614 614 615 615 616 616 616 617 617 617 617 618 618 618 618 619 619 619 620 620 621 621 621 622 622 622 623 623 623 623 624 624 624 624 625 625 625 625 625 626 626 626 627 628 628 628 628 629 630 630 630 631 631 632 633 633 633 633 634 634 634 635 635 635 636 637 637 638 639 639 639 639 640 640 640 641 641 641 641 641 642 643 643 643 643 643 643 643 644 644 644 644 644 644 644 644 644 644 644 645 646 646 646 647 647 648 649 649 649 649 649 649 650 650 651 652 653 653 653 655 655 655 656 656 656 656 657 657 657 657 657 658 658 658 659 659 660 660 660 660 661 661 661 662 663 663 663 663 663 664 664 664 665 665 665 666 666 666 666 667 667 668 668 668 669 669 669 669 669 670 670 670 670 670 671 671 672 672 673 673 673 673 674 674 674 675 676 677 678 679 680 681 681 681 681 681 681 681 682 682 682 683 683 683 683 683 683 684 684 684 685 685 685 686 686 686 686 687 687 688 688 688 689 690 690 690 690 690 691 691 691 692 692 693 693 694 694 694 694 694 694 695 695 695 697 697 697 698 698 698 699 699 699 699 699 700 700 701 701 701 701 702 702 702 702 702 702 702 702 704 704 704 705 705 706 706 706 706 706 706 707 707 707 707 707 708 708 708 709 709 709 710 710 710 710 710 711 711 711 712 712 712 713 713 713 714 714 714 714 714 715 715 716 716 716 717 717 717 717 718 718 719 719 719 719 720 720 720 720 721 721 721 722 722 722 722 723 723 723 723 723 724 724 724 725 725 725 726 727 727 727 727 728 728 728 728 728 729 729 729 729 729 729 730 730 730 730 732 732 732 733 733 734 735 735 735 736 736 737 737 737 738 738 738 739 739 740 740 740 741 742 743 743 744 745 745 745 746 746 747 747 747 747 747 747 747 747 748 748 749 749 749 749 749 750 750 750 751 751 752 752 753 753 755 756 756 756 756 756 757 757 757 758 758 758 758 759 760 760 760 761 762 762 762 762 762 763 763 764 764 764 764 765 766 766 766 767 767 767 767 767 767 767 767 768 768 769 769 770 770 770 772 772 773 773 773 773 773 773 774 774 775 775 775 776 776 776 776 777 777 777 777 778 778 778 778 779 779 779 779 780 780 781 781 781 781 781 781 782 782 782 782 782 783 783 783 784 784 784 785 785 786 786 787 787 787 787 787 788 788 788 788 788 788 790 790 790 791 791 791 791 792 792 793 793 794 794 794 795 795 795 795 796 796 797 797 798 798 799 800 800 801 801 801 801 802 802 802 803 803 803 803 804 804 804 805 805 805 805 806 806 807 807 807 807 807 807 807 808 808 809 810 810 811 811 811 811 811 812 812 812 813 813 814 814 814 815 815 815 816 816 816 817 818 818 818 819 820 820 820 820 820 820 820 820 821 821 822 822 822 822 822 822 823 823 823 823 823 823 823 824 824 824 824 825 825 825 826 826 826 827 827 827 828 828 828 829 829 830 830 830 830 831 831 831 831 831 831 832 833 833 834 834 834 835 835 836 836 836 836 837 838 839 839 841 841 841 842 842 842 843 843 843 843 843 843 844 844 844 844 844 844 845 845 845 846 846 846 847 847 848 848 849 849 849 849 849 849 849 849 849 850 850 850 850 850 851 851 852 853 853 853 854 854 854 855 855 855 855 856 857 857 857 857 858 859 859 859 860 861 861 861 861 861 861 862 862 863 863 863 863 863 863 863 865 865 866 866 866 866 867 868 868 868 868 868 869 869 869 869 870 871 871 871 872 872 872 873 873 873 874 874 874 875 875 875 876 876 876 876 876 877 877 877 877 877 878 879 879 880 880 880 881 881 881 882 882 882 883 884 885 885 885 886 886 886 886 887 887 887 888 888 888 888 890 891 892 892 892 892 893 893 894 894 895 896 896 896 896 896 897 897 897 898 898 898 899 899 900 900 901 901 902 902 903 903 903 904 904 904 904 905 905 905 905 906 906 907 908 908 908 908 908 909 909 909 909 909 909 909 910 910 910 911 911 911 912 912 912 912 913 913 913 913 913 914 914 914 914 916 916 916 917 917 917 918 918 918 919 919 919 920 920 921 921 922 923 923 923 924 924 924 924 924 925 925 925 925 926 926 926 926 927 927 927 927 927 928 928 928 929 929 929 929 930 930 930 931 932 932 932 932 933 933 933 933 933 934 934 934 934 935 935 935 935 935 935 935 936 936 936 936 936 936 936 936 937 937 937 937 937 937 938 938 939 939 940 940 940 941 941 941 941 941 942 942 943 943 943 943 943 943 944 944 944 945 945 946 946 947 948 948 948 949 949 949 950 950 951 951 952 952 953 953 953 953 954 954 954 954 954 955 955 955 955 955 955 955 956 957 958 958 958 959 959 959 959 960 960 960 960 960 960 960 961 961 961 961 961 961 962 962 962 963 963 963 964 964 965 966 966 967 967 967 967 968 969 969 970 970 970 970 971 971 971 971 972 972 973 973 973 975 975 975 975 975 976 976 976 976 977 977 977 977 977 978 978 979 979 979 979 980 980 980 980 980 981 981 981 982 982 983 984 984 985 986 986 986 986 986 986 987 987 987 988 988 988 988 989 989 989 990 991 991 991 992 992 992 992 992 993 993 993 993 993 993 995 995 996 996 996 996 996 997 997 997 999 999
insertShifts = 2301238 , insertComparisons =  2301238 , mergeComparisons = 30930 , mergecopies = 40902

Sample #6
Input Size: 6000
Sample Input: 198 263 997 408 867 114 603 539 196 31 7 256 258 836 387 921 125 467 988 227 857 61 966 199 735 619 545 118 205 286 946 403 549 943 811 768 409 767 308 605 798 315 214 408 503 601 329 980 68 670 207 278 83 173 477 170 792 374 289 349 660 235 104 562 530 916 330 291 35 638 897 833 305 111 241 808 64 923 788 484 593 996 762 28 169 591 198 314 966 487 663 978 74 768 540 956 36 871 248 423 861 497 256 167 960 497 327 24 772 116 508 717 464 623 745 985 214 944 299 180 783 315 159 858 435 51 166 823 274 414 246 136 263 854 655 223 703 982 599 476 98 108 193 914 83 939 900 297 883 551 830 18 218 341 228 5 392 395 180 667 161 426 155 425 632 810 648 336 792 600 812 243 60 357 157 143 296 57 440 531 961 622 550 179 963 778 185 708 525 365 375 687 144 530 112 776 692 112 464 484 712 628 727 772 986 885 267 634 294 708 166 255 682 68 787 646 198 972 354 76 689 81 763 185 963 227 314 655 691 778 139 756 407 219 880 393 104 148 27 750 208 545 6 890 965 145 888 516 117 242 592 158 675 355 344 638 934 10 645 625 788 137 733 195 356 614 940 812 114 320 562 322 865 920 564 183 65 453 699 534 695 291 45 723 998 741 713 932 751 359 909 539 848 643 87 204 609 379 368 723 699 282 45 917 555 609 100 972 414 151 507 462 442 904 185 792 645 898 76 748 609 985 639 457 980 726 13 589 106 733 664 157 16 61 74 571 23 526 543 437 677 402 899 471 658 84 263 655 335 339 403 296 677 43 106 657 121 119 599 579 205 615 737 221 677 163 144 700 690 39 137 719 442 389 191 452 473 454 108 160 146 511 457 823 554 563 832 28 34 783 607 239 399 344 812 76 508 956 128 550 996 617 269 790 6 460 594 832 267 702 992 765 214 801 940 120 716 124 148 103 908 756 694 659 452 507 87 312 815 215 862 163 832 484 305 839 944 900 23 563 602 15 328 168 169 620 641 885 745 789 988 653 897 35 664 350 542 751 14 709 966 877 873 150 713 530 341 657 430 364 573 385 732 253 553 901 874 194 138 619 336 127 624 233 514 288 935 56 391 950 117 709 179 990 859 892 521 553 901 303 917 826 688 649 80 594 902 306 788 41 277 476 520 253 710 34 893 997 442 284 299 559 993 830 902 852 74 775 405 976 78 675 154 119 676 586 713 579 244 853 620 521 330 140 126 392 174 19 741 616 303 41 175 648 871 77 501 298 852 258 274 283 285 780 402 962 367 115 541 611 968 161 485 650 653 611 42 827 631 784 443 286 177 970 935 400 48 788 698 252 398 324 535 684 105 289 998 824 404 539 435 725 52 272 727 705 884 122 884 515 906 327 153 435 649 88 835 49 876 886 302 275 210 189 311 667 831 309 491 587 200 279 312 604 551 392 309 435 514 193 302 772 872 456 207 521 896 394 571 773 280 225 400 491 766 63 158 597 372 650 185 924 281 849 528 832 241 837 268 755 382 922 527 606 378 86 479 275 481 402 400 761 627 152 604 746 215 115 343 587 117 880 511 398 730 39 230 971 228 850 79 962 773 958 920 151 45 399 778 878 802 530 991 781 682 948 527 897 63 223 836 532 103 699 930 833 90 512 157 670 363 588 632 136 546 904 639 943 304 418 173 458 300 165 591 983 113 119 880 528 694 69 60 797 768 990 983 859 854 492 529 217 80 514 353 978 418 345 274 74 763 447 884 415 964 476 398 429 947 631 309 641 700 369 438 820 711 773 679 566 265 561 783 697 427 489 676 197 834 302 624 949 101 508 364 418 984 763 847 931 746 157 924 446 878 715 266 942 488 298 508 754 211 643 803 990 484 831 187 318 133 811 619 587 672 984 5 656 99 204 940 845 361 864 643 592 579 261 534 420 911 394 526 122 37 329 112 522 161 652 192 646 463 812 233 135 796 238 144 247 443 436 92 156 652 87 100 584 348 634 4 260 28 530 734 418 211 199 292 372 851 484 19 666 296 604 154 444 843 650 691 638 86 135 146 90 222 247 674 923 881 30 535 262 560 621 32 772 820 324 496 23 808 867 690 457 472 196 253 667 846 945 305 932 432 451 22 7 50 49 930 284 79 817 546 992 438 930 116 259 254 612 634 414 480 324 871 304 520 125 971 366 422 628 650 854 431 25 861 482 426 143 766 505 960 664 497 399 594 965 10 848 578 644 614 410 321 838 714 193 963 37 912 737 665 914 943 96 939 157 930 365 300 48 223 613 712 72 364 658 38 726 506 968 370 473 378 43 311 444 237 626 481 149 363 498 63 306 946 355 463 877 72 116 925 647 729 990 720 445 648 758 171 507 726 893 980 456 937 291 900 174 917 733 675 632 583 90 938 529 797 754 758 870 222 36 517 303 26 589 748 26 347 919 533 425 812 865 233 101 508 485 627 425 218 302 409 801 745 700 683 542 454 793 412 676 829 282 979 207 871 79 586 571 998 471 348 162 337 582 264 845 67 891 623 638 546 32 791 291 732 826 833 538 620 598 566 801 880 897 361 103 976 947 26 326 418 375 841 755 309 105 953 728 348 928 366 246 312 510 537 397 336 723 935 308 321 854 110 553 751 471 656 728 418 683 406 188 410 247 944 719 704 249 447 53 177 166 299 489 28 189 886 364 912 174 25 585 28 135 138 779 958 146 859 728 181 266 916 591 865 212 662 570 461 462 975 990 628 626 832 656 815 70 372 79 244 397 664 624 884 154 756 194 301 967 922 482 233 839 426 451 403 88 21 865 550 996 207 530 974 39 538 790 462 911 869 58 660 886 683 897 40 439 91 693 758 14 176 992 205 954 795 608 394 816 825 297 164 385 827 138 776 718 280 238 981 502 297 641 388 980 890 780 771 982 474 529 348 2 873 553 956 668 513 702 836 691 999 352 76 179 843 852 897 123 91 878 977 388 871 365 720 114 498 843 96 972 372 796 974 598 701 282 618 214 336 807 905 336 159 333 867 2 186 764 478 629 994 455 17 217 173 89 683 671 932 779 995 656 927 321 254 628 955 225 195 291 32 452 979 543 786 846 898 324 962 376 953 956 183 322 526 708 411 209 731 343 341 726 351 620 399 958 249 354 183 444 646 215 248 977 110 34 824 8 358 786 736 311 95 920 633 973 980 396 534 712 91 875 438 443 496 190 401 97 544 584 893 542 151 141 520 261 528 344 622 238 482 358 902 577 630 887 902 611 284 437 323 375 312 113 818 160 303 571 609 848 507 854 742 658 996 262 272 876 958 894 114 441 252 16 370 883 904 273 494 188 710 169 915 374 282 86 887 938 657 848 138 165 703 880 175 51 495 447 927 453 693 41 246 946 410 969 181 314 242 27 854 304 196 121 30 830 207 917 768 217 766 258 734 821 139 909 872 986 709 799 439 402 192 38 700 602 7 233 268 601 260 474 257 808 596 287 991 155 557 111 724 323 370 458 496 509 720 368 495 429 167 286 183 711 676 236 666 35 469 934 988 82 409 245 242 357 533 233 512 90 345 589 765 715 47 261 576 119 981 423 548 500 61 84 211 738 672 877 125 493 164 114 575 925 359 170 282 244 403 146 686 748 735 451 815 135 64 391 254 397 814 155 897 876 591 109 966 263 338 91 756 502 205 684 427 917 854 61 161 609 208 848 358 295 651 173 430 68 917 685 465 83 192 363 959 783 824 277 46 514 369 154 369 926 190 796 843 396 858 357 6 418 205 716 65 208 241 496 276 158 533 94 242 77 809 553 860 985 831 258 499 552 764 868 830 955 17 674 351 227 31 709 645 588 425 62 796 667 558 425 177 443 871 419 520 32 325 380 17 508 990 516 60 755 737 890 62 754 916 765 333 299 475 330 887 252 392 36 919 951 813 97 746 36 868 267 68 545 999 85 53 342 953 465 97 42 708 511 796 624 276 481 276 103 811 515 356 204 903 627 507 716 76 253 104 945 872 172 490 224 609 896 566 563 361 15 605 421 526 754 398 802 235 674 258 399 189 614 603 93 241 110 161 318 715 266 615 588 790 457 812 400 353 730 315 67 745 272 488 271 26 238 425 614 912 683 13 454 649 968 547 891 430 60 561 145 326 528 85 469 985 897 869 691 627 184 110 724 456 950 995 835 189 421 801 101 456 166 555 106 134 454 997 564 515 910 61 193 438 147 14 775 396 883 818 376 419 928 100 228 231 96 415 420 869 216 873 325 734 781 431 868 587 780 784 454 42 197 0 480 344 14 608 741 250 426 117 669 707 569 249 290 665 664 710 886 232 935 212 966 68 995 186 656 776 322 110 818 520 110 651 864 477 611 957 727 389 426 748 448 996 998 738 13 662 800 900 895 736 464 861 804 459 400 812 587 722 923 758 242 385 761 459 862 372 416 941 761 195 690 210 543 688 300 556 350 101 808 597 189 272 811 345 84 211 158 671 933 433 429 528 818 542 987 33 914 755 974 28 950 664 590 493 704 890 402 407 343 210 4 532 835 815 230 919 378 388 942 312 173 724 192 343 266 179 728 181 934 703 561 237 719 151 82 776 41 484 183 737 47 187 621 882 355 851 153 85 591 95 749 764 171 941 108 438 120 188 971 407 891 532 644 963 683 78 739 76 563 922 165 610 461 787 844 168 638 997 254 230 444 3 346 616 945 806 406 417 995 377 824 238 261 820 553 296 251 292 372 814 566 890 776 380 677 620 900 315 969 154 897 765 510 596 381 807 402 787 224 749 516 401 988 777 573 541 73 824 186 798 990 104 688 118 484 717 90 385 32 59 891 282 825 753 878 558 560 632 698 137 382 214 890 370 344 815 263 769 640 449 919 982 554 959 101 390 676 191 127 61 603 19 695 780 772 573 690 685 557 388 822 939 955 64 661 651 879 925 420 871 726 692 854 632 651 307 375 680 850 502 741 453 873 436 585 998 361 276 683 918 16 857 210 323 921 871 974 800 148 747 672 227 439 878 859 90 185 234 122 387 89 863 193 962 651 778 960 364 406 995 635 775 852 845 98 773 68 73 926 217 820 950 444 611 828 655 53 365 242 176 752 331 39 297 645 43 76 606 759 834 601 394 609 806 239 60 931 308 485 857 877 657 159 673 268 987 328 321 704 570 497 809 253 889 106 899 932 534 857 691 721 810 438 682 616 677 742 548 337 227 757 214 884 917 887 504 256 568 826 313 490 323 474 744 212 580 995 496 467 852 540 188 662 978 222 631 7 965 179 697 544 288 911 781 557 151 285 166 719 111 479 209 787 305 953 351 237 948 200 704 152 740 244 815 70 467 446 429 784 977 126 680 617 390 461 175 541 99 693 260 562 524 821 349 829 127 701 66 427 901 123 580 993 367 747 415 186 545 196 322 874 323 3 491 713 816 18 606 915 63 218 478 587 39 827 416 518 880 835 946 133 958 526 478 677 625 893 216 170 90 890 396 765 893 887 830 710 258 436 977 321 6 455 909 397 635 677 916 867 864 862 1 174 740 479 204 365 725 772 887 167 662 283 284 556 522 466 618 780 902 947 454 260 755 715 657 390 392 573 609 609 787 610 783 527 442 339 244 519 111 483 38 774 766 322 682 641 788 652 421 42 599 227 654 354 942 311 96 687 237 706 296 24 668 431 552 462 771 796 981 882 280 371 8 398 45 690 39 833 342 813 227 294 392 233 648 335 545 745 22 782 451 670 806 471 101 710 934 224 859 915 459 491 639 467 241 684 158 281 870 852 446 449 146 190 683 147 525 228 892 899 362 695 569 520 166 23 231 100 247 90 368 706 933 7 526 174 691 36 807 561 888 605 11 387 796 694 534 321 274 778 573 636 473 142 156 991 517 739 92 117 181 812 823 114 819 701 289 862 737 96 776 626 702 139 365 850 185 251 171 459 29 744 447 854 239 955 845 756 695 289 873 876 453 49 343 272 750 632 487 840 80 263 818 134 402 183 984 587 434 508 398 815 252 845 21 843 800 866 952 847 508 177 76 961 578 419 586 681 403 73 521 483 688 339 970 442 522 954 381 308 462 779 475 67 976 496 910 128 714 214 328 574 392 404 536 970 175 474 651 578 899 524 413 587 863 383 381 737 338 762 397 152 893 872 219 869 720 482 349 435 696 677 361 88 81 249 411 256 723 414 186 622 939 600 561 802 983 942 540 673 56 937 826 949 162 45 818 882 527 520 669 224 197 383 664 279 632 75 887 356 490 74 330 429 674 244 231 9 186 123 683 595 413 509 544 927 906 715 161 434 235 183 10 432 566 674 63 198 102 951 554 592 377 237 373 403 481 956 412 19 80 447 614 845 308 159 772 215 226 933 1 813 116 11 245 682 37 661 881 139 612 787 83 341 376 808 744 857 765 156 229 197 956 843 42 264 354 814 479 580 99 480 393 216 843 991 250 233 652 131 724 616 271 808 957 647 616 53 857 381 209 86 578 517 929 972 782 636 786 261 568 238 94 314 454 289 305 704 522 309 188 247 277 811 55 234 810 23 287 667 757 848 105 687 366 387 660 500 23 798 113 591 36 207 257 842 497 914 899 371 223 87 618 852 250 25 438 60 49 77 728 158 926 833 845 644 572 857 496 595 8 609 539 396 817 796 239 666 711 138 37 286 577 656 491 827 33 929 887 434 7 967 592 285 153 790 281 725 999 777 673 7 386 212 404 555 360 995 221 423 485 611 62 62 619 553 241 652 482 480 87 489 800 679 774 953 821 55 30 821 184 703 828 571 267 584 478 628 579 52 403 64 663 465 478 282 18 719 934 501 552 373 342 352 405 469 657 226 876 687 47 61 743 876 984 10 812 462 990 392 514 394 808 177 859 639 811 230 710 98 83 262 471 425 614 876 246 271 103 123 311 502 184 54 730 520 416 543 982 407 287 849 153 95 378 364 734 190 594 445 640 29 59 463 807 26 340 53 297 795 176 960 297 712 14 28 584 783 923 567 542 210 768 695 305 146 59 392 688 6 189 328 35 600 792 842 626 484 896 276 279 424 236 928 489 603 308 73 386 231 992 928 793 760 975 451 907 34 843 595 392 384 924 428 984 68 270 963 552 518 239 183 295 475 111 784 78 772 209 816 355 202 744 149 314 719 600 221 106 795 169 498 531 445 278 867 513 901 830 417 419 69 600 66 897 63 202 975 835 412 144 543 966 240 692 280 960 644 502 418 791 23 268 322 468 547 541 333 448 372 750 219 793 350 286 690 413 488 18 601 900 162 144 866 402 188 499 714 184 1 484 975 376 753 649 196 300 190 529 100 914 631 319 708 333 605 750 98 94 120 699 346 282 195 565 37 735 64 103 919 417 588 894 793 693 895 341 993 86 222 445 0 853 764 60 186 370 811 284 816 931 336 514 566 531 79 955 267 143 58 538 912 998 433 57 691 328 398 36 766 620 481 119 473 246 179 11 968 342 648 136 626 984 650 192 867 730 499 486 225 557 25 138 908 810 547 951 490 946 340 609 566 821 728 392 419 907 755 739 602 403 875 228 739 526 772 959 608 271 797 833 180 822 323 88 984 871 392 827 817 732 436 735 905 164 479 677 423 235 416 25 990 644 253 82 170 25 41 778 648 838 963 829 13 639 269 349 510 661 176 679 393 612 766 299 776 598 976 200 833 744 225 175 388 831 257 910 208 650 40 857 489 4 686 854 643 955 203 505 969 380 536 362 992 654 13 769 252 341 321 437 438 898 613 826 729 870 737 938 521 777 795 362 133 833 568 128 140 771 985 109 503 873 824 496 880 837 617 132 531 290 922 969 188 535 147 918 757 236 208 630 366 355 344 851 188 912 980 328 684 317 790 187 543 614 35 423 803 4 555 686 294 477 7 483 364 155 753 122 743 961 104 109 316 449 313 504 361 645 184 397 962 974 937 505 940 324 928 96 329 836 782 623 665 790 458 30 297 211 504 40 172 608 502 488 409 815 344 771 460 881 520 774 207 457 632 148 782 560 244 463 748 378 86 414 168 897 796 465 108 300 858 633 260 712 473 670 527 818 793 339 51 313 465 258 123 97 758 905 10 2 368 758 733 806 172 901 703 320 719 164 972 577 797 233 641 270 255 520 440 400 859 491 713 676 750 836 774 860 93 784 215 461 542 948 620 67 849 323 387 920 839 360 849 636 945 490 259 200 10 699 600 221 543 665 898 293 854 672 505 947 808 720 761 350 668 381 769 870 56 157 790 896 869 640 884 814 482 143 366 845 195 318 66 738 983 964 31 189 988 536 137 796 609 250 499 277 983 268 147 39 777 290 287 646 282 524 812 764 667 178 609 862 496 676 600 832 992 983 21 333 872 510 481 481 760 980 110 743 601 258 135 730 548 774 729 830 298 541 946 966 72 908 180 568 936 133 752 928 468 774 613 340 636 95 173 397 427 284 492 380 894 627 463 794 402 192 976 700 85 922 18 157 830 551 78 118 36 830 399 504 956 12 197 593 459 370 342 887 6 834 619 900 462 82 694 216 626 670 268 712 945 639 221 127 542 299 246 578 482 997 82 790 9 279 383 469 2 725 708 8 560 679 909 374 114 955 590 740 978 210 804 275 849 26 754 391 677 0 969 159 997 404 950 359 683 685 180 685 763 240 694 323 919 955 49 33 262 991 126 592 201 930 867 51 956 622 794 986 974 764 145 324 168 447 35 203 485 215 889 248 807 935 923 726 242 972 112 856 963 238 449 164 520 316 567 477 290 362 463 265 478 960 589 998 760 624 201 245 191 442 845 998 729 768 76 971 92 540 180 55 130 629 571 651 945 139 480 236 853 295 853 331 607 794 329 367 418 530 964 961 325 161 959 54 281 35 378 373 928 558 780 58 187 352 709 484 843 541 72 48 836 925 379 444 719 60 163 489 942 480 450 267 641 761 674 923 797 52 296 77 962 429 135 149 133 197 985 328 738 58 376 575 335 107 371 407 167 534 248 461 14 51 729 656 812 403 931 961 807 579 38 769 8 174 270 141 371 255 469 109 665 845 36 353 952 407 112 471 942 360 933 308 411 14 316 576 769 247 537 576 827 576 697 835 102 967 977 473 222 798 934 240 644 323 593 948 730 705 772 24 417 705 333 181 719 649 757 488 249 646 416 76 222 113 263 676 80 592 501 654 391 436 894 35 759 839 335 841 896 107 866 314 164 551 847 235 200 956 75 449 602 491 877 177 956 141 853 36 733 355 43 124 791 937 511 902 129 199 95 25 306 961 691 471 864 538 706 65 846 782 866 449 625 96 626 582 237 479 970 322 834 13 799 977 303 310 231 784 509 327 809 168 640 501 991 505 391 49 922 238 183 788 39 809 236 665 743 473 496 65 148 331 79 947 308 734 609 540 518 471 219 679 639 859 532 630 364 924 31 286 514 215 427 905 376 663 570 119 489 418 184 989 749 615 936 410 701 897 302 219 368 521 251 359 732 783 341 449 59 373 735 925 588 514 830 964 530 752 435 371 171 619 360 272 587 648 34 288 545 336 860 266 209 111 625 294 894 967 743 306 340 830 231 280 697 414 244 227 166 679 950 689 650 310 314 237 310 348 526 207 37 386 473 246 849 451 892 95 418 635 401 110 466 985 390 515 399 634 742 917 665 44 959 315 706 273 553 16 621 431 575 658 169 49 257 18 852 501 465 270 137 219 380 955 204 770 470 955 756 564 224 773 608 183 88 314 808 993 682 430 424 257 440 945 658 49 315 510 551 781 780 40 0 512 995 556 634 817 863 742 381 87 515 341 623 604 655 431 597 337 213 374 594 6 671 253 55 987 763 958 120 896 998 120 408 345 28 395 514 891 137 247 330 653 588 953 257 243 385 206 932 950 932 879 956 956 132 364 943 247 322 63 495 673 535 256 370 915 651 885 806 788 132 136 793 73 90 402 316 827 961 601 777 893 480 86 201 964 450 144 563 124 559 59 149 446 315 872 361 318 109 167 458 241 656 252 666 98 654 335 277 615 936 54 861 416 140 62 380 942 559 295 67 118 354 216 565 21 440 278 339 549 446 798 143 454 50 809 552 56 144 829 672 80 235 885 848 728 947 580 670 506 876 89 977 230 658 894 252 98 172 943 648 970 741 791 424 143 600 328 200 97 509 224 177 97 109 26 825 408 606 847 267 482 937 244 65 947 138 669 45 662 612 45 633 706 836 409 201 789 738 753 886 599 977 415 696 438 793 521 847 400 721 114 234 10 710 651 957 848 320 2 862 285 400 495 343 588 905 544 377 995 298 615 594 627 31 291 66 176 164 265 576 885 731 163 895 441 814 204 641 487 207 503 124 959 999 467 547 256 363 925 251 13 892 197 641 275 488 59 452 5 324 380 242 407 895 490 848 62 694 489 549 253 344 25 212 695 844 760 951 207 37 554 573 281 752 214 557 592 625 361 949 301 741 192 708 637 682 556 699 376 397 600 982 93 977 194 789 821 954 740 380 343 647 953 625 399 519 534 343 144 895 293 797 988 485 505 625 519 413 676 247 162 628 229 256 957 776 45 778 82 137 159 426 784 464 403 183 984 937 527 480 832 172 278 820 657 783 798 528 549 826 775 711 807 357 967 764 133 364 543 215 502 54 993 286 870 396 822 854 333 349 687 165 521 965 338 530 100 488 58 649 314 185 713 121 542 32 886 27 397 781 243 899 187 588 185 57 985 7 264 318 708 951 836 581 268 526 463 368 14 521 370 680 59 83 802 953 115 40 981 512 173 576 763 360 164 301 417 501 660 33 172 721 984 8 302 252 886 118 973 900 639 343 580 50 778 734 4 893 126 337 758 299 913 873 659 429 174 429 931 187 462 103 908 799 463 562 403 349 680 376 601 672 71 533 74 849 620 78 95 746 415 853 46 680 78 57 462 605 486 393 792 301 848 52 452 311 614 855 12 647 584 965 319 655 850 393 857 470 824 952 217 591 157 263 624 235 672 86 840 511 479 632 812 679 36 616 342 651 823 706 650 407 671 969 415 521 714 272 992 890 224 561 482 381 824 106 616 496 192 809 7 23 793 171 54 830 139 396 481 963 102 131 722 125 452 137 646 518 761 990 409 985 551 243 718 727 701 687 576 245 496 935 620 289 459 674 471 598 70 304 561 524 787 636 649 239 773 647 110 887 990 871 224 541 466 943 621 167 630 197 764 478 484 384 119 943 58 591 542 480 895 455 4 683 91 5 274 217 652 736 104 642 607 328 536 73 271 509 592 253 58 356 83 542 740 555 486 150 146 380 630 393 835 986 76 927 991 703 144 996 439 248 638 47 928 526 472 200 35 65 805 93 421 241 988 514 796 474 664 942 206 647 687 41 633 764 320 977 819 464 973 258 64 963 657 993 490 482 545 877 547 702 323 320 943 311 834 91 137 851 385 343 498 73 736 483 189 57 460 8 873 433 618 290 749 276 635 239 758 532 468 657 586 143 329 530 454 516 973 943 367 359 638 217 432 727 700 621 784 161 629 9 946 599 299 695 875 286 286 985 818 107 994 405 250 324 287 57 840 260 0 559 619 991 776 51 718 828 24 854 341 5 215 288 605 867 335 480 153 622 818 972 729 164 729 979 840 16 36 32 628 389 591 600 732 719 3 450 548 28 656 889 33 871 529 638 738 865 471 892 839 641 216 920 805 945 251 646 313 640 30 293 29 622 893 761 693 897 563 593 925 571 835 310 442 364 301 533 581 772 777 772 765 345 692 570 642 944 568 955 584 599 600 965 573 494 78 266 391 641 860 668 564 695 978 358 411 279 891 993 403 20 117 168 365 810 91 7 106 11 314 690 962 915 7 887 761 85 154 152 78 366 172 642 413 502 0 176 134 244 169 537 264 639 58 982 449 501 341 555 864 656 597 827 923 604 714 684 41 220 188 119 938 360 113 703 214 113 880 348 709 401 238 326 40 296 308 489 149 1 396 13 9 345 192 932 301 259 968 342 831 508 813 770 220 926 825 435 392 705 783 101 107 373 427 499 669 87 989 170 89 737 184 98 435 376 383 736 987 703 79 819 212 892 589 432 819 414 219 563 472 3 664 579 376 444 78 398 531 419 568 972 509 104 71 944 833 806 680 820 509 111 639 721 356 580 506 527 347 725 90 819 80 754 750 809 198 180 559 82 952 479 54 461 584 477 757 769 635 789 589 145 901 229 218 257 161 724 784 508 802 874 679 882 980 429 43 531 610 602 613 562 82 19 375 18 849 132 787 484 921 376 981 174 957 200 783 119 276 919 979 430 145 659 665 126 88 708 9 50 311 622 612 745 993 339 763 194 471 550 31 745 278 12 919 236 564 703 707 193 622 38 623 768 697 288 246 138 349 255 188 660 229 153 757 574 492 520 769 316 422 152 61 700 164 980 288 81 35 995 626 10 386 601 778 83 890 24 573 239 631 114 251 860 619 360 434 463 880 203 779 302 355 840 354 872 173 643 305 560 990 283 570 376 884 348 812 774 724 385 365 355 851 968 215 470 328 2 934 560 205 713 214 913 906 569 137 431 212 794 991 554 77 562 931 961 262 743 88 987 480 805 694 332 126 262 154 806 264 440 367 821 154 581 86 412 502 575 843 714 369 186 269 798 748 552 112 363 647 200 702 127 357 396 811 483 10 318 290 274 758 9 448 264 590 534 676 445 110 871 159 831 58 780 630 158 684 94 521 331 646 575 811 3 972 622 839 334 940 481 609 699 490 57 963 432 943 992 877 405 863 389 237 273 521 219 784 206 313 657 537 959 233 348 314 557 323 153 891 615 634 500 666 476 909 982 909 205 974 786 610 189 175 199 815 697 418 599 255 83 256 792 394 841 493 709 398 168 214 290 783 201 142 450 677 52 784 586 609 758 373 219 299 900 419 114 949 189 65 204 273 674 997 667 515 842 728 914 10 943 204 145 496 346 947 173 750 731 760 359 841 485 579 141 385 350 607 335 539 673 539 812 347 888 832 862 82 912 128 444 207 332 590 703 679 889 877 781 621 989 141 462 474 72 955 211 422 563 898 313 236 790 126 935 30 310 149 113 222 278 909 430 962 499 485 993 741 362 775 362 703 916 176 177 340 132 741 114 695 639 427 283 781 905 570 812 215 71 277 790 349 186 572 312 38 57 657 779 772 432 493 475 700 669 5 40 153 746 154 848 737 934 483 519 839 405 683 55 477 312 197 178 850 769 490 240 178 500 371 950 932 864 426 633 886 431 25 39 529 532 240 266 466 723 137 657 129 820 64 958 484 261 136 335 382 979 927 561 479 299 511 411 163 289 396 49 720 774 441 249 658 681 868 124 404 5 133 885 178 198 843 662 459 980 349 842 959 277 403 438 576 266 201 91 556 598 493 628 724 934 878 382 615 746 858 371 103 991 257 281 189 452 296 1 432 645 843 743 274 598 181 202 864 735 294 772 685 787 401 409 73 279 791 688 377 1 59 480 992 668 114 534 121 410 535 905 407 730 649 682 328 182 884 544 917 530 317 602 669 718 363 742 349 154 782 78 507 194 910 500 862 24 386 983 786 921 241 194 651 890 228 331 72 112 875 990 995 54
Sample Output: 0 0 0 0 0 0 1 1 1 1 1 1 2 2 2 2 2 2 3 3 3 3 3 4 4 4 4 4 4 5 5 5 5 5 5 5 6 6 6 6 6 6 6 7 7 7 7 7 7 7 7 7 7 7 7 8 8 8 8 8 8 8 9 9 9 9 9 9 10 10 10 10 10 10 10 10 10 10 11 11 11 11 12 12 12 13 13 13 13 13 13 13 13 14 14 14 14 14 14 14 14 15 15 16 16 16 16 16 17 17 17 18 18 18 18 18 18 18 19 19 19 19 19 20 21 21 21 21 22 22 23 23 23 23 23 23 23 23 24 24 24 24 24 24 25 25 25 25 25 25 25 25 25 26 26 26 26 26 26 26 27 27 27 28 28 28 28 28 28 28 28 28 29 29 29 30 30 30 30 30 30 31 31 31 31 31 31 32 32 32 32 32 32 32 33 33 33 33 33 34 34 34 34 34 35 35 35 35 35 35 35 35 35 35 36 36 36 36 36 36 36 36 36 36 36 36 37 37 37 37 37 37 37 38 38 38 38 38 38 39 39 39 39 39 39 39 39 39 40 40 40 40 40 40 40 41 41 41 41 41 41 41 42 42 42 42 42 43 43 43 43 43 44 45 45 45 45 45 45 45 45 46 46 47 47 47 47 48 48 48 49 49 49 49 49 49 49 49 49 50 50 50 50 51 51 51 51 51 51 52 52 52 52 52 53 53 53 53 53 54 54 54 54 54 54 55 55 55 55 55 56 56 56 56 57 57 57 57 57 57 57 57 58 58 58 58 58 58 58 58 58 59 59 59 59 59 59 59 59 60 60 60 60 60 60 60 60 61 61 61 61 61 61 61 61 62 62 62 62 62 62 63 63 63 63 63 63 63 64 64 64 64 64 64 64 65 65 65 65 65 65 65 66 66 66 66 67 67 67 67 67 68 68 68 68 68 68 68 69 69 70 70 70 71 71 71 72 72 72 72 72 72 73 73 73 73 73 73 73 73 74 74 74 74 74 74 75 75 76 76 76 76 76 76 76 76 76 76 76 77 77 77 77 77 78 78 78 78 78 78 78 78 78 78 79 79 79 79 79 79 79 80 80 80 80 80 80 80 81 81 81 82 82 82 82 82 82 82 82 82 83 83 83 83 83 83 83 83 83 84 84 84 85 85 85 85 85 86 86 86 86 86 86 86 86 86 87 87 87 87 87 87 87 88 88 88 88 88 88 88 89 89 89 89 90 90 90 90 90 90 90 90 90 90 91 91 91 91 91 91 91 91 92 92 92 93 93 93 93 94 94 94 94 95 95 95 95 95 95 95 96 96 96 96 96 96 96 97 97 97 97 97 97 98 98 98 98 98 98 98 99 99 99 100 100 100 100 100 100 101 101 101 101 101 101 101 102 102 102 103 103 103 103 103 103 103 103 104 104 104 104 104 104 104 105 105 105 106 106 106 106 106 106 106 107 107 107 107 108 108 108 108 109 109 109 109 109 109 110 110 110 110 110 110 110 110 110 110 111 111 111 111 111 111 111 112 112 112 112 112 112 112 113 113 113 113 113 113 113 114 114 114 114 114 114 114 114 114 114 114 114 115 115 115 116 116 116 116 117 117 117 117 117 117 118 118 118 118 118 119 119 119 119 119 119 119 119 119 120 120 120 120 120 121 121 121 121 122 122 122 122 123 123 123 123 123 124 124 124 124 124 125 125 125 125 126 126 126 126 126 126 126 127 127 127 127 127 128 128 128 128 129 129 130 131 131 132 132 132 132 132 133 133 133 133 133 133 133 134 134 134 135 135 135 135 135 135 136 136 136 136 136 137 137 137 137 137 137 137 137 137 137 137 138 138 138 138 138 138 138 138 139 139 139 139 139 139 140 140 140 141 141 141 141 141 142 142 143 143 143 143 143 143 143 144 144 144 144 144 144 144 144 144 145 145 145 145 145 145 146 146 146 146 146 146 146 147 147 147 147 148 148 148 148 148 149 149 149 149 149 149 150 150 151 151 151 151 151 152 152 152 152 152 153 153 153 153 153 153 153 153 154 154 154 154 154 154 154 154 154 154 155 155 155 155 156 156 156 157 157 157 157 157 157 157 157 158 158 158 158 158 158 158 159 159 159 159 159 159 159 160 160 161 161 161 161 161 161 161 161 161 162 162 162 162 163 163 163 163 163 164 164 164 164 164 164 164 164 164 164 165 165 165 165 166 166 166 166 166 166 166 167 167 167 167 167 167 168 168 168 168 168 168 168 169 169 169 169 169 169 170 170 170 170 170 171 171 171 171 171 172 172 172 172 172 172 172 173 173 173 173 173 173 173 173 173 174 174 174 174 174 174 174 174 175 175 175 175 175 175 176 176 176 176 176 176 176 177 177 177 177 177 177 177 177 178 178 178 178 179 179 179 179 179 179 180 180 180 180 180 180 180 181 181 181 181 181 181 182 183 183 183 183 183 183 183 183 183 183 183 184 184 184 184 184 184 184 185 185 185 185 185 185 185 185 186 186 186 186 186 186 186 186 186 187 187 187 187 187 187 188 188 188 188 188 188 188 188 188 188 189 189 189 189 189 189 189 189 189 189 189 190 190 190 190 190 191 191 191 192 192 192 192 192 192 192 192 192 193 193 193 193 193 193 194 194 194 194 194 194 195 195 195 195 195 196 196 196 196 196 197 197 197 197 197 197 197 197 197 198 198 198 198 198 198 199 199 199 199 200 200 200 200 200 200 200 200 200 201 201 201 201 201 201 202 202 202 203 203 203 204 204 204 204 204 204 204 204 205 205 205 205 205 205 205 206 206 206 207 207 207 207 207 207 207 207 207 207 207 208 208 208 208 208 209 209 209 209 209 210 210 210 210 210 210 211 211 211 211 211 211 212 212 212 212 212 212 212 213 214 214 214 214 214 214 214 214 214 214 214 215 215 215 215 215 215 215 215 215 215 215 216 216 216 216 216 216 217 217 217 217 217 217 217 218 218 218 218 219 219 219 219 219 219 219 219 219 220 220 221 221 221 221 221 222 222 222 222 222 222 222 223 223 223 223 224 224 224 224 224 224 224 224 225 225 225 225 226 226 227 227 227 227 227 227 227 227 228 228 228 228 228 228 229 229 229 229 230 230 230 230 230 231 231 231 231 231 231 232 233 233 233 233 233 233 233 233 233 233 234 234 234 235 235 235 235 235 235 235 236 236 236 236 236 236 236 237 237 237 237 237 237 237 237 238 238 238 238 238 238 238 238 238 239 239 239 239 239 239 239 239 240 240 240 240 240 241 241 241 241 241 241 241 241 241 242 242 242 242 242 242 242 242 243 243 243 243 244 244 244 244 244 244 244 244 244 244 245 245 245 245 246 246 246 246 246 246 246 246 247 247 247 247 247 247 247 247 247 248 248 248 248 248 249 249 249 249 249 249 250 250 250 250 250 251 251 251 251 251 251 252 252 252 252 252 252 252 252 253 253 253 253 253 253 253 253 253 254 254 254 254 255 255 255 255 255 256 256 256 256 256 256 256 256 257 257 257 257 257 257 257 257 258 258 258 258 258 258 258 258 258 259 259 259 260 260 260 260 260 260 261 261 261 261 261 261 262 262 262 262 262 262 263 263 263 263 263 263 263 263 264 264 264 264 264 264 265 265 265 266 266 266 266 266 266 266 266 267 267 267 267 267 267 267 268 268 268 268 268 268 268 269 269 269 270 270 270 270 271 271 271 271 271 272 272 272 272 272 272 272 273 273 273 273 274 274 274 274 274 274 274 275 275 275 275 276 276 276 276 276 276 276 277 277 277 277 277 277 277 278 278 278 278 278 278 279 279 279 279 279 279 280 280 280 280 280 281 281 281 281 281 281 282 282 282 282 282 282 282 282 282 283 283 283 283 284 284 284 284 284 284 285 285 285 285 286 286 286 286 286 286 286 286 286 287 287 287 287 287 288 288 288 288 288 288 289 289 289 289 289 289 289 290 290 290 290 290 290 290 291 291 291 291 291 291 292 292 293 293 293 294 294 294 294 294 295 295 295 295 296 296 296 296 296 296 296 296 297 297 297 297 297 297 297 298 298 298 298 299 299 299 299 299 299 299 299 299 299 300 300 300 300 300 301 301 301 301 301 301 302 302 302 302 302 302 302 303 303 303 303 303 304 304 304 304 305 305 305 305 305 305 305 306 306 306 306 307 308 308 308 308 308 308 308 308 308 309 309 309 309 309 310 310 310 310 310 311 311 311 311 311 311 311 311 312 312 312 312 312 312 312 313 313 313 313 313 313 314 314 314 314 314 314 314 314 314 314 314 315 315 315 315 315 315 315 316 316 316 316 316 317 317 318 318 318 318 318 318 319 319 320 320 320 320 320 321 321 321 321 321 321 321 322 322 322 322 322 322 322 322 323 323 323 323 323 323 323 323 323 323 323 324 324 324 324 324 324 324 324 325 325 325 326 326 326 327 327 327 328 328 328 328 328 328 328 328 328 328 328 329 329 329 329 329 330 330 330 330 330 331 331 331 331 331 332 332 333 333 333 333 333 333 333 334 335 335 335 335 335 335 335 335 336 336 336 336 336 336 336 337 337 337 337 338 338 338 339 339 339 339 339 339 340 340 340 340 340 341 341 341 341 341 341 341 341 341 341 342 342 342 342 342 342 342 343 343 343 343 343 343 343 343 343 343 344 344 344 344 344 344 344 344 345 345 345 345 345 345 346 346 346 347 347 347 348 348 348 348 348 348 348 348 349 349 349 349 349 349 349 349 349 349 350 350 350 350 350 351 351 351 352 352 352 353 353 353 354 354 354 354 354 354 355 355 355 355 355 355 355 355 356 356 356 356 356 357 357 357 357 357 358 358 358 358 359 359 359 359 359 359 360 360 360 360 360 360 360 361 361 361 361 361 361 361 361 362 362 362 362 362 362 363 363 363 363 363 363 364 364 364 364 364 364 364 364 364 364 364 365 365 365 365 365 365 365 365 366 366 366 366 366 366 367 367 367 367 367 368 368 368 368 368 368 369 369 369 369 370 370 370 370 370 370 370 370 371 371 371 371 371 371 371 372 372 372 372 372 372 372 373 373 373 373 373 373 374 374 374 374 375 375 375 375 375 376 376 376 376 376 376 376 376 376 376 376 376 377 377 377 377 378 378 378 378 378 378 379 379 380 380 380 380 380 380 380 380 380 381 381 381 381 381 381 381 382 382 382 382 383 383 383 383 384 384 385 385 385 385 385 385 385 385 386 386 386 386 386 387 387 387 387 387 388 388 388 388 388 389 389 389 389 390 390 390 390 391 391 391 391 391 391 392 392 392 392 392 392 392 392 392 392 392 392 392 393 393 393 393 393 393 394 394 394 394 394 394 395 395 396 396 396 396 396 396 396 396 396 396 397 397 397 397 397 397 397 397 397 398 398 398 398 398 398 398 398 398 399 399 399 399 399 399 399 399 400 400 400 400 400 400 400 400 401 401 401 401 401 402 402 402 402 402 402 402 402 402 402 403 403 403 403 403 403 403 403 403 403 403 403 403 404 404 404 404 404 405 405 405 405 405 406 406 406 407 407 407 407 407 407 407 407 407 408 408 408 408 409 409 409 409 409 409 409 410 410 410 410 410 411 411 411 411 411 412 412 412 412 413 413 413 413 413 414 414 414 414 414 414 414 415 415 415 415 415 415 416 416 416 416 416 416 417 417 417 417 417 418 418 418 418 418 418 418 418 418 418 418 418 419 419 419 419 419 419 419 420 420 420 421 421 421 421 422 422 422 423 423 423 423 423 424 424 424 425 425 425 425 425 425 425 426 426 426 426 426 426 426 427 427 427 427 427 427 427 428 429 429 429 429 429 429 429 429 429 430 430 430 430 430 430 431 431 431 431 431 431 431 432 432 432 432 432 432 432 433 433 433 434 434 434 434 435 435 435 435 435 435 435 435 436 436 436 436 436 437 437 437 438 438 438 438 438 438 438 438 438 438 439 439 439 439 440 440 440 440 440 441 441 441 442 442 442 442 442 442 442 443 443 443 443 444 444 444 444 444 444 444 444 445 445 445 445 445 446 446 446 446 446 447 447 447 447 447 447 448 448 448 449 449 449 449 449 449 449 449 450 450 450 450 451 451 451 451 451 451 452 452 452 452 452 452 452 453 453 453 453 454 454 454 454 454 454 454 454 454 455 455 455 456 456 456 456 457 457 457 457 457 458 458 458 458 459 459 459 459 459 459 459 460 460 460 461 461 461 461 461 461 462 462 462 462 462 462 462 462 462 462 463 463 463 463 463 463 463 463 463 464 464 464 464 464 465 465 465 465 465 465 466 466 466 466 467 467 467 467 467 468 468 468 469 469 469 469 469 470 470 470 471 471 471 471 471 471 471 471 471 471 471 472 472 472 473 473 473 473 473 473 473 473 474 474 474 474 474 474 475 475 475 475 476 476 476 476 477 477 477 477 477 477 478 478 478 478 478 478 478 479 479 479 479 479 479 479 479 479 480 480 480 480 480 480 480 480 480 480 480 480 481 481 481 481 481 481 481 481 481 482 482 482 482 482 482 482 482 482 482 483 483 483 483 483 483 484 484 484 484 484 484 484 484 484 484 484 484 484 485 485 485 485 485 485 485 485 486 486 486 487 487 487 488 488 488 488 488 488 488 489 489 489 489 489 489 489 489 489 490 490 490 490 490 490 490 490 490 491 491 491 491 491 491 491 492 492 492 493 493 493 493 493 494 494 495 495 495 495 496 496 496 496 496 496 496 496 496 496 496 496 496 497 497 497 497 497 498 498 498 498 499 499 499 499 499 499 500 500 500 500 500 501 501 501 501 501 501 501 502 502 502 502 502 502 502 502 502 503 503 503 504 504 504 504 505 505 505 505 505 505 506 506 506 507 507 507 507 507 507 508 508 508 508 508 508 508 508 508 508 509 509 509 509 509 509 509 510 510 510 510 510 511 511 511 511 511 511 512 512 512 512 513 513 514 514 514 514 514 514 514 514 514 514 515 515 515 515 515 515 516 516 516 516 517 517 517 518 518 518 518 519 519 519 519 520 520 520 520 520 520 520 520 520 520 520 520 521 521 521 521 521 521 521 521 521 521 521 521 522 522 522 522 524 524 524 524 525 525 526 526 526 526 526 526 526 526 526 526 527 527 527 527 527 527 527 528 528 528 528 528 528 529 529 529 529 529 529 530 530 530 530 530 530 530 530 530 530 530 531 531 531 531 531 531 532 532 532 532 532 532 533 533 533 533 533 534 534 534 534 534 534 534 534 534 535 535 535 535 535 536 536 536 536 537 537 537 537 538 538 538 538 539 539 539 539 539 539 540 540 540 540 540 541 541 541 541 541 541 541 542 542 542 542 542 542 542 542 542 542 543 543 543 543 543 543 543 543 544 544 544 544 544 544 545 545 545 545 545 545 545 546 546 546 547 547 547 547 547 548 548 548 548 549 549 549 549 550 550 550 550 551 551 551 551 551 551 552 552 552 552 552 552 553 553 553 553 553 553 553 553 554 554 554 554 554 555 555 555 555 555 555 556 556 556 556 556 557 557 557 557 557 557 558 558 558 559 559 559 559 559 560 560 560 560 560 560 561 561 561 561 561 561 561 561 562 562 562 562 562 562 563 563 563 563 563 563 563 563 564 564 564 564 564 565 565 566 566 566 566 566 566 566 567 567 568 568 568 568 568 568 569 569 569 570 570 570 570 570 570 571 571 571 571 571 571 571 572 572 573 573 573 573 573 573 573 573 574 574 575 575 575 575 575 576 576 576 576 576 576 576 576 577 577 577 578 578 578 578 578 579 579 579 579 579 579 579 580 580 580 580 580 580 581 581 581 582 582 583 584 584 584 584 584 584 584 585 585 586 586 586 586 586 587 587 587 587 587 587 587 587 587 588 588 588 588 588 588 588 588 589 589 589 589 589 589 590 590 590 590 591 591 591 591 591 591 591 591 591 592 592 592 592 592 592 592 592 593 593 593 593 594 594 594 594 594 594 595 595 595 596 596 597 597 597 597 598 598 598 598 598 598 599 599 599 599 599 599 599 600 600 600 600 600 600 600 600 600 600 600 601 601 601 601 601 601 601 601 602 602 602 602 602 602 603 603 603 603 604 604 604 604 604 605 605 605 605 605 605 606 606 606 606 607 607 607 607 608 608 608 608 608 609 609 609 609 609 609 609 609 609 609 609 609 609 609 609 609 610 610 610 610 611 611 611 611 611 611 612 612 612 612 612 613 613 613 613 614 614 614 614 614 614 614 614 615 615 615 615 615 615 615 616 616 616 616 616 616 616 617 617 617 618 618 618 618 619 619 619 619 619 619 619 619 620 620 620 620 620 620 620 620 620 621 621 621 621 621 621 622 622 622 622 622 622 622 622 622 623 623 623 623 623 624 624 624 624 624 624 625 625 625 625 625 625 625 626 626 626 626 626 626 626 626 627 627 627 627 627 627 628 628 628 628 628 628 628 628 629 629 629 630 630 630 630 630 630 631 631 631 631 631 632 632 632 632 632 632 632 632 632 633 633 633 633 633 634 634 634 634 634 634 635 635 635 635 635 636 636 636 636 636 637 638 638 638 638 638 638 638 638 639 639 639 639 639 639 639 639 639 639 639 640 640 640 640 640 641 641 641 641 641 641 641 641 641 641 642 642 642 643 643 643 643 643 644 644 644 644 644 644 645 645 645 645 645 645 646 646 646 646 646 646 646 646 647 647 647 647 647 647 647 648 648 648 648 648 648 648 648 649 649 649 649 649 649 649 649 650 650 650 650 650 650 650 650 651 651 651 651 651 651 651 651 651 651 651 652 652 652 652 652 652 653 653 653 654 654 654 654 655 655 655 655 655 655 656 656 656 656 656 656 656 656 656 656 657 657 657 657 657 657 657 657 657 657 657 657 658 658 658 658 658 658 658 659 659 659 660 660 660 660 660 661 661 661 662 662 662 662 662 662 663 663 663 664 664 664 664 664 664 664 664 664 665 665 665 665 665 665 665 665 666 666 666 666 666 667 667 667 667 667 667 667 668 668 668 668 668 669 669 669 669 669 669 670 670 670 670 670 670 671 671 671 671 672 672 672 672 672 672 672 673 673 673 673 673 674 674 674 674 674 674 674 674 675 675 675 676 676 676 676 676 676 676 676 676 676 677 677 677 677 677 677 677 677 677 677 677 679 679 679 679 679 679 679 679 679 680 680 680 680 680 680 681 681 682 682 682 682 682 682 682 682 683 683 683 683 683 683 683 683 683 683 683 683 684 684 684 684 684 684 685 685 685 685 685 686 686 686 687 687 687 687 687 687 687 688 688 688 688 688 688 689 689 690 690 690 690 690 690 690 691 691 691 691 691 691 691 691 692 692 692 692 693 693 693 693 693 694 694 694 694 694 694 694 695 695 695 695 695 695 695 695 695 696 696 697 697 697 697 697 697 698 698 699 699 699 699 699 699 699 700 700 700 700 700 700 700 700 701 701 701 701 701 702 702 702 702 702 703 703 703 703 703 703 703 703 703 703 703 704 704 704 704 704 705 705 705 705 706 706 706 706 706 706 707 707 708 708 708 708 708 708 708 708 708 709 709 709 709 709 709 709 710 710 710 710 710 710 710 711 711 711 711 712 712 712 712 712 712 713 713 713 713 713 713 713 714 714 714 714 714 714 715 715 715 715 715 716 716 716 717 717 718 718 718 718 719 719 719 719 719 719 719 719 719 719 720 720 720 720 720 720 721 721 721 721 722 722 723 723 723 723 723 724 724 724 724 724 724 724 725 725 725 725 725 726 726 726 726 726 726 727 727 727 727 727 728 728 728 728 728 728 728 728 729 729 729 729 729 729 729 730 730 730 730 730 730 730 731 731 731 732 732 732 732 732 733 733 733 733 733 734 734 734 734 734 734 735 735 735 735 735 735 736 736 736 736 736 737 737 737 737 737 737 737 737 737 738 738 738 738 738 738 739 739 739 739 740 740 740 740 740 741 741 741 741 741 741 741 741 742 742 742 742 742 743 743 743 743 743 743 743 744 744 744 744 744 745 745 745 745 745 745 745 746 746 746 746 746 746 747 747 748 748 748 748 748 748 749 749 749 749 750 750 750 750 750 750 750 751 751 751 752 752 752 752 753 753 753 753 754 754 754 754 754 754 755 755 755 755 755 755 756 756 756 756 756 756 757 757 757 757 757 757 758 758 758 758 758 758 758 758 758 758 759 759 760 760 760 760 760 761 761 761 761 761 761 761 761 762 762 763 763 763 763 763 763 763 764 764 764 764 764 764 764 764 764 765 765 765 765 765 765 765 766 766 766 766 766 766 767 768 768 768 768 768 768 768 769 769 769 769 769 769 769 769 770 770 771 771 771 771 772 772 772 772 772 772 772 772 772 772 772 772 772 772 773 773 773 773 773 773 774 774 774 774 774 774 774 774 775 775 775 775 775 776 776 776 776 776 776 776 776 776 777 777 777 777 777 777 778 778 778 778 778 778 778 778 778 779 779 779 779 779 780 780 780 780 780 780 780 780 781 781 781 781 781 781 781 782 782 782 782 782 782 783 783 783 783 783 783 783 783 783 783 783 784 784 784 784 784 784 784 784 784 784 784 786 786 786 786 786 787 787 787 787 787 787 787 787 787 788 788 788 788 788 788 788 789 789 789 789 790 790 790 790 790 790 790 790 790 790 791 791 791 791 791 792 792 792 792 792 792 793 793 793 793 793 793 793 793 794 794 794 794 795 795 795 795 796 796 796 796 796 796 796 796 796 796 796 797 797 797 797 797 797 798 798 798 798 798 798 798 799 799 799 800 800 800 800 801 801 801 801 802 802 802 802 802 803 803 804 804 805 805 805 806 806 806 806 806 806 806 807 807 807 807 807 807 807 808 808 808 808 808 808 808 808 808 809 809 809 809 809 809 809 810 810 810 810 810 811 811 811 811 811 811 811 811 811 812 812 812 812 812 812 812 812 812 812 812 812 812 812 812 813 813 813 813 814 814 814 814 814 815 815 815 815 815 815 815 815 815 816 816 816 816 817 817 817 817 818 818 818 818 818 818 818 818 818 819 819 819 819 819 820 820 820 820 820 820 820 821 821 821 821 821 821 821 822 822 822 823 823 823 823 824 824 824 824 824 824 824 824 825 825 825 825 826 826 826 826 826 826 827 827 827 827 827 827 827 827 828 828 828 829 829 829 829 830 830 830 830 830 830 830 830 830 830 830 830 831 831 831 831 831 831 832 832 832 832 832 832 832 832 833 833 833 833 833 833 833 833 833 834 834 834 834 834 835 835 835 835 835 835 835 835 836 836 836 836 836 836 836 836 837 837 838 838 839 839 839 839 839 839 839 840 840 840 840 840 841 841 841 841 842 842 842 842 843 843 843 843 843 843 843 843 843 843 843 843 844 844 845 845 845 845 845 845 845 845 845 845 846 846 846 847 847 847 847 847 848 848 848 848 848 848 848 848 848 848 848 849 849 849 849 849 849 849 849 850 850 850 850 850 851 851 851 851 851 852 852 852 852 852 852 852 852 853 853 853 853 853 853 854 854 854 854 854 854 854 854 854 854 854 854 854 855 856 857 857 857 857 857 857 857 857 857 858 858 858 858 859 859 859 859 859 859 859 859 860 860 860 860 860 861 861 861 861 862 862 862 862 862 862 862 862 863 863 863 863 864 864 864 864 864 864 864 865 865 865 865 865 866 866 866 866 867 867 867 867 867 867 867 867 868 868 868 868 869 869 869 869 869 870 870 870 870 870 871 871 871 871 871 871 871 871 871 871 871 871 872 872 872 872 872 872 872 873 873 873 873 873 873 873 873 874 874 874 875 875 875 875 876 876 876 876 876 876 876 876 877 877 877 877 877 877 877 877 878 878 878 878 878 878 879 879 880 880 880 880 880 880 880 880 880 881 881 881 882 882 882 882 883 883 883 884 884 884 884 884 884 884 884 885 885 885 885 885 885 886 886 886 886 886 886 886 886 887 887 887 887 887 887 887 887 887 887 887 888 888 888 889 889 889 889 890 890 890 890 890 890 890 890 890 890 891 891 891 891 891 891 891 892 892 892 892 892 892 893 893 893 893 893 893 893 893 893 894 894 894 894 894 894 895 895 895 895 895 895 896 896 896 896 896 896 897 897 897 897 897 897 897 897 897 897 897 897 897 898 898 898 898 898 899 899 899 899 899 899 900 900 900 900 900 900 900 900 900 901 901 901 901 901 901 902 902 902 902 902 902 903 904 904 904 905 905 905 905 905 905 905 906 906 906 907 907 908 908 908 908 909 909 909 909 909 909 909 910 910 910 910 911 911 911 912 912 912 912 912 912 913 913 914 914 914 914 914 914 915 915 915 915 915 916 916 916 916 916 917 917 917 917 917 917 917 917 917 918 918 919 919 919 919 919 919 919 919 920 920 920 920 920 921 921 921 921 922 922 922 922 922 922 923 923 923 923 923 923 923 924 924 924 924 925 925 925 925 925 925 925 926 926 926 926 927 927 927 927 927 928 928 928 928 928 928 928 928 929 929 930 930 930 930 930 931 931 931 931 931 931 932 932 932 932 932 932 932 932 933 933 933 933 934 934 934 934 934 934 934 934 934 935 935 935 935 935 935 935 936 936 936 937 937 937 937 937 937 938 938 938 938 939 939 939 939 940 940 940 940 940 941 941 942 942 942 942 942 942 942 942 943 943 943 943 943 943 943 943 943 943 943 944 944 944 944 944 945 945 945 945 945 945 945 945 946 946 946 946 946 946 946 947 947 947 947 947 947 947 947 948 948 948 948 949 949 949 949 950 950 950 950 950 950 950 950 951 951 951 951 951 952 952 952 952 953 953 953 953 953 953 953 953 954 954 954 955 955 955 955 955 955 955 955 955 955 955 955 956 956 956 956 956 956 956 956 956 956 956 956 957 957 957 957 957 958 958 958 958 958 958 958 959 959 959 959 959 959 959 959 960 960 960 960 960 960 961 961 961 961 961 961 961 961 962 962 962 962 962 962 962 962 963 963 963 963 963 963 963 963 963 963 964 964 964 964 964 965 965 965 965 965 965 966 966 966 966 966 966 966 967 967 967 967 967 968 968 968 968 968 968 969 969 969 969 969 969 970 970 970 970 970 971 971 971 971 972 972 972 972 972 972 972 972 972 973 973 973 973 974 974 974 974 974 974 974 975 975 975 975 976 976 976 976 976 977 977 977 977 977 977 977 977 977 977 978 978 978 978 978 979 979 979 979 979 980 980 980 980 980 980 980 980 980 980 981 981 981 981 981 982 982 982 982 982 982 982 983 983 983 983 983 983 983 984 984 984 984 984 984 984 984 984 985 985 985 985 985 985 985 985 985 985 986 986 986 986 987 987 987 987 987 988 988 988 988 988 988 988 989 989 989 990 990 990 990 990 990 990 990 990 990 990 990 990 991 991 991 991 991 991 991 991 991 991 992 992 992 992 992 992 992 992 992 993 993 993 993 993 993 993 993 993 994 994 995 995 995 995 995 995 995 995 995 995 995 996 996 996 996 996 996 997 997 997 997 997 997 997 998 998 998 998 998 998 998 998 998 999 999 999 999 
insertShifts = 9029879 , insertComparisons =  9029879 , mergeComparisons = 67847 , mergecopies = 87806
